270,188,0.9164651460858565
696,657,0.9508391962546813
2128,811,0.9088794394370339
2128,206,0.9263861429089206
2128,1084,0.9797062457159519
3127,2461,0.960680351407559
3127,2473,0.9053837100838903
3127,845,0.9622471236270218
3127,1066,0.9302301595950644
3300,53,0.9289500415853211
3300,1370,0.9729451335262351
3300,2938,0.9418088114909643
3300,1521,0.9323373504482262
3670,2044,0.9311734485340026
3670,359,0.9230307931276441
3670,240,0.9416898922858409
3670,1558,0.9027363666311741
3902,3450,0.946499452303878
3902,2460,0.9373615975664614
4010,2828,0.9071189817112513
4010,912,0.9405761336755403
4010,1745,0.97773371504482
4010,2346,0.9629345811270237
4010,353,0.9086665296341677
4448,1973,0.9159660524729438
4458,1324,0.9010123574341302
4855,2749,0.9265617215763129
4855,1062,0.9030763500506308
4855,40,0.9337215352895532
4855,3525,0.9385389747489035
4880,2193,0.9517056752804883
4880,3063,0.9557543048299069
4880,4288,0.929627207787042
4880,4443,0.9601672572866223
4939,185,0.9082413838000684
4939,1641,0.9040813310869945
5192,1867,0.9038290349505388
5192,2519,0.9200868696757877
5351,272,0.9394340637584412
5351,545,0.9199177374261595
5351,3018,0.9268506175985437
5351,5030,0.9381454516539295
5509,2261,0.9299038233202244
5509,5388,0.9166209035040572
5509,2835,0.9174550391504459
5557,1008,0.9285523094005305
5557,2948,0.9112376782279361
5798,5317,0.916064962528233
5798,3264,0.9076284825680035
5798,5402,0.9016967660528492
5866,3300,0.9815465393769481
5866,53,0.9115296393354524
5866,3957,0.9814471185471705
5866,5808,0.9172130365313915
5866,1370,0.9556543033546436
5866,2938,0.9245302053204573
5866,5333,0.9271176513335401
5866,3937,0.9503453429887344
5866,1521,0.9115024855413236
6004,1496,0.9164194305396055
6285,3176,0.9499408114054194
6285,866,0.9221962205959371
6285,4945,0.9619568486087641
6495,268,0.9614674854414564
6495,5198,0.9391365791209825
6495,3117,0.9383901139242722
6738,1434,0.9169438956907735
6775,4136,0.9344925807014717
6775,2044,0.9214259896812727
6775,359,0.9216727473005936
6775,240,0.9455913286908192
6775,1558,0.9105513711767305
6775,2631,0.9287338995652215
6776,4079,0.9189286593275502
6776,6213,0.9097569039251816
6776,493,0.9289713805669378
6776,1295,0.9276345452856256
6776,6473,0.9161457005705296
6776,464,0.9172351956686803
6828,2790,0.9506649591999432
6828,4363,0.9304393834670445
6828,4543,0.9865061871150399
6828,4747,0.9255407526596472
7356,1319,0.9272939065504
7356,5347,0.9282443182088447
7356,1266,0.9119349114113069
7636,4855,0.9355189130802573
7636,2749,0.9683891747076708
7636,1311,0.9103991802022077
7636,1062,0.92832733484859
7636,4133,0.9324115626519347
7636,40,0.9769079166095147
7636,2698,0.9396557078584293
7636,3525,0.9588891368352488
7903,3795,0.9361129602063635
7903,4302,0.9371581324061439
7903,6187,0.9654192155153067
7903,6531,0.9301351532932626
7988,4895,0.9804166787100066
7988,3461,0.9646014357759677
7988,4119,0.9758670763848504
7988,5849,0.9634608666222857
7988,6624,0.9297412062321794
8098,6313,0.980214037026757
8205,4957,0.9014560569239384
8607,268,0.9543729564603791
8607,6495,0.9473989324312385
8607,5198,0.9281254055271543
8607,6510,0.9440559895976179
8607,3117,0.9259501336672606
8812,5549,0.9197483305183434
8812,4267,0.9683657858979747
8812,7777,0.9483027360940325
8996,1534,0.9021082966246774
8996,2095,0.9266812953845349
8996,1394,0.9315899182080611
8996,5126,0.9241485985466997
8996,8050,0.932403484711618
8996,6632,0.9622533752190887
8996,143,0.947366208140455
8996,8400,0.9622047914374992
9429,7356,0.990691632860542
9429,1319,0.9305804924914801
9429,5347,0.9333991226921072
9429,1266,0.9133781384179365
9675,2896,0.9470886637276651
9675,1159,0.9511485174447458
9675,5338,0.939008333039793
9685,7572,0.9369666752147198
9685,3001,0.9403814181004199
9685,6628,0.9393710704866134
9685,8423,0.9672279390138686
9685,3541,0.9312322217028276
9994,7988,0.9422351485761992
9994,4895,0.9435551962378569
9994,3461,0.9290518756509311
9994,4119,0.9305953271759503
9994,5849,0.9340484656731051
9994,8081,0.9186270391082282
10462,4010,0.9444278751047308
10462,5493,0.9397063907207694
10462,1745,0.929907124399034
10462,4836,0.9413403228965762
10462,2346,0.9238883247819148
10596,5790,0.9085492563390886
10596,7198,0.9171634299529782
10596,6509,0.9004615170516176
10660,2128,0.9017188927971097
11291,3300,0.9365454055296004
11291,5866,0.9229307988393295
11291,3957,0.9369821225336745
11291,1370,0.9182264102336177
11291,3937,0.9111451221910009
11403,6004,0.9137451067083886
11498,1782,0.9125164239316942
11498,287,0.9301616303889328
11498,9937,0.9397260017821147
11498,8885,0.9187924107322236
11642,11498,0.9317394146529895
11642,287,0.9209440378557443
11642,9937,0.9291795918640116
11642,8885,0.9195886915162026
11688,111,0.9155472152359733
11688,6688,0.9102947296893509
11688,185,0.9177263109182446
11688,7133,0.9233158514383141
11688,1641,0.922422657646498
11688,8090,0.9006002322278309
12367,5509,0.9304048318919496
12367,5729,0.90755449400634
12427,2922,0.9298410741972513
12483,6401,0.9432141732491511
12483,11509,0.9131129931829481
12483,6326,0.9520636979581741
12483,8728,0.9241504450069822
12483,4655,0.9668697536398999
12483,6195,0.9431561850630574
12483,9819,0.9664785312726974
12483,4102,0.9415932314039632
12605,423,0.9517682770176218
12605,6410,0.9640622494679094
12605,1422,0.9278472563829442
12605,4516,0.911364296166097
12605,6014,0.9540847482416
12605,6126,0.9158657322684209
12605,6154,0.9459653582025406
12605,9220,0.9288168459933851
12605,5869,0.9698503392890965
12605,7445,0.9654789545332797
12605,11722,0.9549724949187908
12700,9685,0.9522258946016156
12700,7572,0.9469685432843673
12700,3001,0.9467161338587633
12700,6628,0.9591026248299088
12700,8423,0.9791797148060802
12700,3541,0.9438259425209446
12891,3795,0.9610447584568992
12891,7903,0.9461606984568647
12891,4302,0.9420118779845721
12891,6187,0.9785272391659708
12891,8948,0.9411660379438354
12891,4934,0.9098000037113825
12891,11862,0.949604176763295
12891,6531,0.9359789357285225
13067,11688,0.9004669611452487
13067,111,0.9599620652649333
13067,6688,0.9573102935781365
13067,185,0.9461616946779228
13067,8692,0.919317783395319
13067,7133,0.9667906457377854
13067,1641,0.9678172113163666
13067,1970,0.9317727883285861
13067,8090,0.9423901790367899
13358,4912,0.92951623244779
13358,4526,0.925716158135827
13460,12700,0.9301262833166162
13460,7572,0.9170792095902126
13460,3001,0.9152100933956759
13460,6628,0.9046794281055411
13460,8423,0.9489943900814763
13460,3541,0.925945849516258
13476,10732,0.9038915268475218
13476,11818,0.9262193419449646
13638,6004,0.9310281691372235
13638,11403,0.9016420957307617
13638,8667,0.9191204427372284
13721,10198,0.9347820756376198
13789,12279,0.9009300766561501
13789,6947,0.905704105129846
13789,113,0.9366826021376028
13789,4186,0.9214739979551206
14072,4912,0.9088231464877257
14570,3795,0.9748917653742598
14570,7903,0.963852827005922
14570,12891,0.976826510856497
14570,4302,0.9658189408224351
14570,4846,0.9157061278212262
14570,6187,0.9937681060351223
14570,5199,0.9125277919093598
14570,8948,0.9639848194916442
14570,4934,0.9308428394435895
14570,11862,0.9643188354817078
14570,14488,0.9584563578452023
14570,997,0.9104577925363522
14570,6531,0.9568361077301981
14748,7356,0.9258801999649845
14748,9429,0.9169759783125566
15022,7777,0.9347215415089659
15235,657,0.938429375128688
15235,696,0.9063350450041725
15235,13009,0.9400246696422135
15235,13570,0.9028543145000819
15235,2929,0.9244899231823016
15235,6916,0.9149735409471786
15496,6775,0.9101763026709504
15496,4136,0.9383107226003563
15496,2044,0.9270608658391238
15496,359,0.9266053431705107
15496,10550,0.91147659673646
15496,240,0.9497110707589096
15496,1558,0.9125569620792061
15496,2631,0.9429948701824086
15656,481,0.9222746956512845
15656,712,0.9019858768906795
15656,3414,0.955422875219563
15656,3600,0.9150219285257305
15656,4490,0.9283615154316222
15676,5610,0.9176624669309812
15676,7456,0.917942088131254
15676,3416,0.9210405757323998
15821,2128,0.945630263954308
15821,5018,0.9105690668368885
15821,3872,0.9430384539355349
15821,8402,0.9139815430400764
15821,13325,0.9104292555845529
15821,1084,0.921158894481794
15821,3563,0.9017365268645156
15821,6419,0.9358675052809818
15821,13050,0.9066382352289365
15915,9234,0.9272874354103207
15915,10112,0.9630083556549215
15915,15201,0.93884810018966
15915,1109,0.9619960109421669
15915,1247,0.9739597779467764
15915,1658,0.9741486232896338
15915,7025,0.9692253051501938
15915,7508,0.9310271156970271
15915,11480,0.9007115899564684
15915,11981,0.913165136440848
15915,319,0.9512160585542275
15915,10332,0.9359751637791333
15915,12099,0.9068083699940203
15915,7765,0.9355159449405361
15915,8239,0.9206806210763437
15915,10447,0.9654232722278125
15984,5509,0.9405357526913138
15984,2261,0.9832394009770252
15984,5711,0.9056203004016079
15984,8329,0.9260232835275675
15984,12562,0.9841251315917906
15984,5388,0.9614825192989324
15984,8983,0.9839619581251092
15984,11060,0.9880632550383035
15984,159,0.9076860929916474
15984,13693,0.9043377232996777
15984,8092,0.9887443969359996
16183,4205,0.9685581382980317
16183,15785,0.9090017631093201
16183,13452,0.9336958688193822
16183,3530,0.9676715407026729
16183,8446,0.9699103052990267
16183,9634,0.945264695880099
16183,12090,0.9532517056538848
16230,4989,0.9335246480042205
16294,10727,0.935618719879492
16294,8503,0.923882411410281
16294,11156,0.9373931112357907
16294,14545,0.9229198952527918
16294,11673,0.9198900772529798
16294,14939,0.9399686732479655
16294,5698,0.9222490686754934
16362,7636,0.9202220305075283
16362,2749,0.9012911401535899
16362,11013,0.9027374584140696
16362,40,0.9070947975274228
16362,11016,0.9239093508657484
16400,13402,0.9110887189443602
16400,7781,0.9286684453322172
16400,5353,0.9181265560379711
16400,14861,0.9225321288549927
16400,15697,0.9398377068356586
16400,5441,0.9059303185232236
16659,6004,0.916372262593808
16659,13638,0.9044202080039979
16659,8667,0.9018475098346309
16860,5757,0.9099068744420091
16860,1829,0.9081428564109417
17053,6674,0.9585161165192523
17053,9591,0.9567746613174586
17053,9722,0.9578363778311293
17053,4841,0.9366719044966917
17053,5477,0.9424122122727272
17053,15299,0.9446031882430682
17053,16499,0.9393099595805274
17053,7532,0.9169350540627136
17134,10862,0.9164033188454355
17134,5836,0.9075900982858948
17134,15066,0.9293819579134033
17134,1865,0.9097982200783533
17309,7734,0.921851932223287
17309,6883,0.9623558272380401
17309,8055,0.9001053423409382
17328,6828,0.9956874573451144
17328,2790,0.9534571124496694
17328,17005,0.9069041822067688
17328,4363,0.9301283625956056
17328,4543,0.9889966155692052
17328,11408,0.9397756696570082
17328,12233,0.9409687070575895
17328,4747,0.930785642496824
17328,11560,0.9344524803807938
17328,16859,0.9663032530278493
17328,16895,0.9555615891543197
17328,10581,0.9691979526909812
17328,12031,0.9770170648055337
17328,13730,0.9776214660386964
17328,11065,0.9423686036652772
17358,10596,0.9026252327781834
17358,5790,0.9414247493258305
17358,7198,0.952879748389814
17358,11500,0.9076836219941469
17358,6509,0.9447113386760208
17358,8586,0.9285977638520558
17358,11019,0.9379095969678773
17358,10963,0.9142940171740824
17358,11125,0.9627957866876449
17358,11555,0.9689341478866005
17358,13340,0.9191316755968808
17358,16321,0.9598536633599045
17449,8996,0.9200211124723743
17449,1534,0.9161613846423363
17449,2095,0.9020830507629396
17449,1394,0.9091558505609973
17449,8050,0.9086978531052887
17449,6632,0.9461744235751663
17449,143,0.9303124820179733
17449,8400,0.9407968103885387
17449,9654,0.9293650671955868
17490,1477,0.9670835509532222
17490,6085,0.9042324337498162
17490,10413,0.9734488670478826
17490,11998,0.9731657301422957
17490,13106,0.9348115264260876
17490,6290,0.9012232807081421
17490,3453,0.929217903126963
17490,5688,0.9858777758183452
17490,7955,0.9243385623301862
17490,847,0.9031707338580537
17490,6555,0.9485233053620523
17490,8617,0.9681878020042122
17490,13155,0.9671669848619798
17490,15223,0.9044697371996006
17575,5509,0.9109146779745356
17575,15984,0.9426058896371258
17575,2261,0.9366132960302448
17575,12562,0.9468106514613599
17575,5388,0.9245301754390454
17575,8983,0.9426526285176648
17575,11060,0.9517634672502727
17575,8092,0.9507608028683663
17798,3795,0.9171558298863149
17798,12891,0.9427503071960956
17798,14570,0.945058118102799
17798,4302,0.908570660219955
17798,6187,0.9418430490428761
17798,8948,0.9262266146537719
17798,11862,0.9324665152643322
17798,14488,0.9118405967446752
17798,16372,0.9290580352271959
17798,6531,0.9051089394144572
18214,3300,0.989582886483327
18214,5866,0.9804004959599995
18214,11291,0.929771900095982
18214,7413,0.9038041024034019
18214,15733,0.9626099983134662
18214,53,0.9240035707982828
18214,3957,0.9895224317037017
18214,5808,0.9249217042935439
18214,13619,0.9377556379858777
18214,1370,0.9684699697217847
18214,2938,0.925378163332144
18214,5333,0.9398657869691518
18214,13540,0.9229071469095833
18214,17689,0.9273676295204418
18214,3937,0.9622571365616588
18214,1521,0.9163804146634192
18241,11498,0.9142029006528191
18241,11642,0.91260943900906
18241,9937,0.9112854668858318
18241,8885,0.9045344348104823
18241,13890,0.9118186299338825
18271,4912,0.9207235038730008
18271,4526,0.9236918555897077
18271,16146,0.9205966549756305
18378,2828,0.9040176212270848
18378,4010,0.9852419680714595
18378,10462,0.9355441564053235
18378,5493,0.9846585969063983
18378,6739,0.9294953523448041
18378,15415,0.9160680591150862
18378,16168,0.9327535325851531
18378,17232,0.9133733921625247
18378,17988,0.9678396731480942
18378,912,0.9430410966795327
18378,1745,0.9767669906272074
18378,4836,0.9844606572002673
18378,2346,0.960272401008347
18378,353,0.9027038345520346
18753,8205,0.9022864933765943
18753,9675,0.9574939774550173
18753,11938,0.935105930516336
18753,18260,0.9531765344512705
18753,13269,0.9577699659227581
18753,14763,0.928260398235331
18753,10541,0.9395672364431648
18753,4957,0.9042189201147365
18753,2896,0.9539933931056365
18753,1159,0.9504494658364454
18753,5338,0.9564468042625325
18753,13213,0.9205780168350525
18753,18488,0.9729271065394589
18763,12236,0.9540204627414
18958,16860,0.9036684751885478
18958,15569,0.965780277470823
18958,5757,0.9898557596168039
18958,4579,0.9192989435268044
18958,12678,0.9232688778822196
18958,8048,0.957781555939106
18958,17471,0.9706073145979832
18958,9150,0.9142030657568556
18958,1829,0.9908953797399223
18958,16897,0.9519317080649131
19039,4448,0.9512584904140943
19039,5458,0.9408962251447743
19039,18934,0.9768993693221555
19039,18966,0.9308295004495133
19039,10000,0.9050998914968419
19039,1973,0.956151060898712
19039,13473,0.9089359028304342
19290,13067,0.9170242943702178
19290,111,0.9316649273169514
19290,6688,0.9227103729350219
19290,185,0.9302553331024869
19290,7133,0.9417267996597449
19290,1641,0.9410789775400059
19290,1970,0.9157141825057277
19290,8090,0.928102400207529
19290,16080,0.9021948951863707
19297,6213,0.9114565948735918
19297,493,0.9414242692106719
19297,1295,0.93770290160373
19297,4752,0.9165897501007678
19297,6473,0.9336192979665335
19297,464,0.9049578326241354
19339,9675,0.927747815853303
19339,18753,0.9441616452158397
19339,11938,0.9120094419975944
19339,13269,0.9099761467608646
19339,10541,0.9034163531926152
19339,2896,0.9262596086000064
19339,1159,0.9206024181433051
19339,5338,0.9036809804504186
19339,18488,0.9371054587375822
19412,13358,0.9337887268608406
19412,14072,0.9069485283636334
19412,18271,0.9124585204119087
19412,4912,0.9947806291550405
19412,14260,0.9350859637669631
19412,6850,0.9055655696829379
19412,4526,0.9860375203163629
19412,5191,0.913314437050248
19412,647,0.9336841709664226
19412,2321,0.9053884952478496
19412,7079,0.9030347714445366
19412,10847,0.9439201263220252
19412,16146,0.9952524970982689
19581,9685,0.9238401396603837
19581,12700,0.9424284064865216
19581,13460,0.9172111348168226
19581,3001,0.9258928027380354
19581,6628,0.9278653614672764
19581,8423,0.9485334772925995
19581,3541,0.9238650834019027
19581,14281,0.915049953946197
19652,18127,0.941927384160473
19791,12700,0.9086390356178567
19791,8423,0.9244527351462529
19887,5504,0.9117091823376878
19887,15504,0.9022847057314853
19887,4289,0.9086694616441101
19887,4858,0.9078551141152178
19887,13723,0.9027426878077622
19887,15458,0.9070407250267118
19887,8562,0.9009675643031269
19910,16093,0.9117631878846241
19910,13094,0.911023053145136
19919,6004,0.9193849193093221
19919,13638,0.91242112424086
19919,16659,0.918071745286435
19919,8667,0.9192293693092001
19919,10164,0.9098345874272481
19982,7356,0.9882332498181802
19982,9429,0.9847349527722559
19982,14748,0.9158991781242061
19982,1319,0.9481420735510062
19982,19298,0.960643609995595
19982,5347,0.9253941218118842
19982,18867,0.9690269136472538
19982,1266,0.9070423078088922
19982,10849,0.9542173751641057
19982,17677,0.9685558949589689
19982,19331,0.9606053151189617
20055,5557,0.9047834249964808
20055,7260,0.9198057351540686
20055,19484,0.9020771253286223
20055,13390,0.9052269929643154
20055,2948,0.9143285227545049
20055,14656,0.9324375446729016
20127,19910,0.9282434040975296
20127,15111,0.9505354768700996
20127,16093,0.9838685153264831
20127,13094,0.9571103997333023
20127,13673,0.9027889846272096
20127,14366,0.9139571135008431
20127,5691,0.9358767580259099
20127,15607,0.9151753821053776
20236,4909,0.9701345495569039
20236,9705,0.9563497499368663
20236,345,0.958539328895865
20236,7973,0.9532110476501874
20236,9488,0.9652496336515848
20236,10436,0.9656618936079832
20236,15359,0.9789630493564292
20236,4548,0.9623289412791478
20236,7770,0.9656450741009
20236,13513,0.9299185210263006
20236,8645,0.9289709843027395
20236,14365,0.934144717582963
20236,16677,0.9954266271654677
20236,4996,0.9363771630538205
20236,12109,0.9730426385426514
20236,13669,0.935949484962011
20236,15000,0.9349540002254719
20236,20191,0.9338863389602993
20236,1858,0.9631207700888198
20236,19185,0.9832029875416406
20236,1566,0.9035748647669211
20236,6462,0.993242481952383
20236,17273,0.9677362124759107
20279,15927,0.9072072140629961
20279,19057,0.9071466113875087
20332,8764,0.9017030158989696
20332,9943,0.9003727787272802
20332,13934,0.9060877826300695
20436,8812,0.9605483610901949
20436,17304,0.9335488088375076
20436,19286,0.9158182758630313
20436,13671,0.9359094655138561
20436,5549,0.9067250138217929
20436,15706,0.9703975824861811
20436,15470,0.9213523947848126
20436,15976,0.9622826673390827
20436,16799,0.9589057318254538
20436,20333,0.9110535988124974
20436,4267,0.9571041457262514
20436,7777,0.9288080677995002
20436,9382,0.9611342589090466
20647,16170,0.9332341099188167
20647,20071,0.9331410961891392
20647,14524,0.9008845569529542
20726,5351,0.9133031315959139
20726,16135,0.9169692295291479
20726,9573,0.9020814834219877
20937,16183,0.9683762033804973
20937,4205,0.9408094235361693
20937,16239,0.9682754207038188
20937,13452,0.9192112223480232
20937,3530,0.9485106099865405
20937,8446,0.9385234488113086
20937,9634,0.943905969863044
20937,12090,0.9295821252315868
20943,6285,0.9599291416286695
20943,11056,0.9326232581903005
20943,3176,0.9651510547554234
20943,7024,0.9046927480407568
20943,866,0.9299677654232102
20943,4945,0.9778239479794973
20943,9974,0.9771713774941105
21035,11498,0.9161111432365443
21035,11642,0.925413688941983
21035,287,0.9107750442145263
21035,9937,0.9167483439915546
21035,8885,0.9102932980076878
21035,19490,0.908726668985579
21035,13890,0.9225520495802674
21339,3300,0.9311479883231473
21339,5866,0.9259787907190711
21339,18214,0.9328807421616478
21339,15733,0.9132100248776184
21339,3957,0.940792580888713
21339,18685,0.915192987787105
21339,1370,0.919248050110433
21339,3937,0.9200537223143014
21339,19317,0.9359976009706037
21343,3902,0.9011354179915289
21343,4439,0.9068113742259215
21343,19057,0.9152685038209415
21343,2460,0.925503201846335
21343,7044,0.9080178995477208
21483,6004,0.9155919415941162
21483,11403,0.9033799933254455
21483,13638,0.911845671855989
21483,16659,0.9029930280753005
21483,19919,0.9243471142004176
21483,8667,0.9060514613408033
21483,15773,0.9132891255227964
21483,21452,0.9208744442497813
21483,17160,0.9164516259333191
21483,1496,0.9037541800955471
