502,494,0.9255656065685633
1782,287,0.9091546281940284
2095,1394,0.9142149362206266
2095,143,0.9429788376605537
2261,159,0.9039996797742426
2651,2421,0.9268002597516383
2651,193,0.9143155437446594
2651,166,0.943449330173712
2935,669,0.9095285504573811
3063,2193,0.9939812076827181
3406,276,0.916501145408617
3406,2473,0.9060079018384626
3406,845,0.9014146668403068
3406,1066,0.9434491755600949
3406,3338,0.9014181801082889
3450,2460,0.9525090578664975
3489,412,0.9264054129799447
3489,1010,0.906326130300997
4079,493,0.948755102966401
4079,1295,0.9453108461235243
4079,464,0.9059134372607803
4205,3530,0.9353970542970134
4262,2193,0.9423832684196418
4262,3063,0.9474237731383273
4302,3795,0.9445755606129742
4895,3461,0.9705133030792916
4895,4119,0.9821265654181844
4909,345,0.9360221465094601
4909,4548,0.9373955778369154
4909,1858,0.938084629017009
5132,2519,0.9357379301480722
5198,268,0.9574292338957766
5198,3117,0.9356734623321514
5317,270,0.9642827610293484
5317,4290,0.9005761941883789
5317,188,0.9475846809435557
5317,1814,0.972715270221888
5317,1925,0.9461984692477653
5317,3264,0.9744565105576474
5317,5202,0.9539156340662726
5317,211,0.9219534337943242
5493,2828,0.9010518294861889
5493,4010,0.98691969095778
5493,912,0.9529990710691141
5493,1745,0.9875797190386888
5493,4836,0.9840466828853714
5493,5383,0.9040844813972936
5493,2346,0.9611915123128731
5493,353,0.9046991818122666
5704,490,0.9150180123562551
5740,4655,0.9183406736989215
5761,270,0.9280904363898441
5761,5317,0.9671490437834488
5761,188,0.9230237468995809
5761,1814,0.9430862047579961
5761,1925,0.9143159290667058
5761,3264,0.9425674026546632
5761,5202,0.9233214839271696
5761,5503,0.9489987467722252
5761,5402,0.9344291600600558
5825,657,0.9164611761251664
5825,2929,0.9092925851354642
6007,1324,0.9682291011342973
6007,772,0.9465738101639611
6007,5727,0.9509041046307221
6085,5688,0.9090565046287874
6106,113,0.9375618949200217
6106,4186,0.9362488510668939
6213,4079,0.9299682500040644
6213,493,0.9744115242804866
6213,1295,0.9748327065871379
6213,464,0.9419313066393743
6401,5740,0.9019952790243692
6401,6326,0.9527925264859511
6401,4655,0.9772467171850832
6401,6195,0.956078417492207
6401,4102,0.952424690661181
6410,423,0.9550757936762032
6410,1422,0.9218181992811116
6410,4516,0.9129889375579189
6410,2282,0.9085784222910432
6410,6014,0.967902536458192
6410,6126,0.9365528888562532
6410,6154,0.9615036688044032
6410,5869,0.987105795316047
6583,143,0.9068174166860028
6739,4010,0.9107055098348168
6739,5493,0.9188048001784845
6739,1745,0.9003636820824439
6739,4836,0.9254028928777142
7413,3300,0.9163536865770137
7413,3957,0.9066428808967961
7572,3001,0.9366799186109057
7572,6628,0.9378026218962122
7572,3541,0.9405852175594078
7761,2651,0.9242119560709469
8667,6004,0.9269132258987027
8719,3406,0.914485402394385
8719,1066,0.9136146361562049
9234,1247,0.9228718843840947
9234,1658,0.9058042142914419
9234,319,0.9011398520463988
9537,3450,0.9116668430041758
9537,2460,0.9121656058237655
9537,7044,0.9128878603890304
9565,1024,0.9401094788253427
9565,1765,0.9147601715916002
9705,4909,0.9169562760778833
9705,345,0.9143374891166142
9705,7973,0.9153190768184198
9705,9488,0.9236102846348047
9705,7770,0.922680200082682
9705,4996,0.9191047806599967
9705,1858,0.9240171057509928
9705,6462,0.9487660694270705
9995,502,0.9405493254549673
9995,1283,0.9164897403983524
9995,4605,0.9151529461610591
9995,1790,0.9942759262964473
9995,2314,0.9692031298032386
9995,323,0.9283923043832858
9995,494,0.9648067173727728
9995,1409,0.9916321359476442
9995,3498,0.9944207380143255
9995,6291,0.9768067517406375
9995,9907,0.9571103997333023
10112,1109,0.9471042199230879
10112,1247,0.9475067279076597
10112,1658,0.9442561501948559
10112,7025,0.9433256336190083
10112,7508,0.9173406639429981
10112,319,0.9267199789919525
10112,7765,0.9011743426230535
10413,1477,0.9647732952288168
10413,3453,0.9309767151160921
10413,5688,0.9864960380928708
10413,7955,0.9284782958710461
10413,6555,0.9565641398242517
10413,8617,0.9746739665925191
10727,8503,0.9481542521882048
10727,3913,0.9398696771277413
10727,3016,0.9299322443965057
10727,9747,0.928716399480143
10727,5698,0.953768676231761
10727,8966,0.9405906291073223
10971,7988,0.9174207611720184
10971,4895,0.9218513376551455
10971,3461,0.9054934899834691
10971,4119,0.9127880334659384
10971,5849,0.9033527135916087
11056,6285,0.9059513797068532
11056,3417,0.9019271647854588
11056,3176,0.9233708665572168
11056,4945,0.9383041234286955
11056,9974,0.9360465736926366
11339,425,0.9318431669906353
11339,8954,0.9050378356599008
11339,9230,0.9072120918576146
11339,3798,0.9141231215186272
11429,7988,0.9409402265409718
11429,4895,0.9399566905734515
11429,3461,0.9202341349992362
11429,4119,0.9304932722512016
11429,5849,0.9106484402917822
11429,8081,0.930731693329097
11435,5610,0.9317462971787269
11435,7456,0.931523173637921
11435,7524,0.9146853891612307
11435,798,0.9147401517751882
11435,9719,0.901409742506101
11435,2767,0.911416682246236
11435,3416,0.9341120957442229
11509,6326,0.9032943024711265
11509,4655,0.9172635233122438
11509,6195,0.9076314851746915
11509,9819,0.9217687076135752
11568,5192,0.9200869114984335
11568,5132,0.933390699067275
11568,8330,0.9664989866287579
11568,9320,0.9009775809589985
11568,1867,0.9599962270875129
11568,3253,0.9236572920423387
11568,456,0.9013749063446048
11568,2519,0.9868526741998964
11568,10564,0.9345965230004567
11998,1477,0.9586177159587603
11998,10413,0.9743065296459239
11998,3453,0.9431211308323834
11998,5688,0.9821602681878095
11998,7955,0.9324596077883065
11998,6555,0.9448026840260884
11998,8617,0.961661631630837
12196,965,0.945349461188899
12279,6106,0.9400867508957806
12279,6947,0.9517274811870748
12279,9587,0.9148236840633865
12279,113,0.9630023793040836
12279,4186,0.962091787657029
12371,9565,0.9311106558931247
12371,1024,0.9622724760203164
12371,11264,0.9420468800991196
12371,1765,0.9286774661713741
12371,11907,0.9218626250415458
12447,10862,0.943182474055922
12447,535,0.9280399176671255
12447,424,0.9146829445363219
12447,5836,0.9364196385575456
12447,9848,0.9003634544135944
12447,1865,0.9448005432313916
13009,657,0.9859300368046987
13009,696,0.950234639781102
13009,5825,0.9170941170291746
13009,11762,0.9275202306847254
13009,2929,0.9559707712458971
13009,3220,0.9296030201111627
13009,5645,0.9193174857036924
13009,6916,0.9664242567300549
13106,1477,0.9042805378742702
13106,10413,0.9319039244228452
13106,11998,0.940095271872855
13106,5688,0.9416016265483884
13106,6555,0.9059266485007876
13106,8617,0.9315006769154585
13122,4591,0.9399553739563153
13122,5840,0.9219667928654751
13122,168,0.901224647367635
13122,2633,0.9381127775175153
13122,6860,0.94624656158662
13122,11414,0.909773879039139
13202,1774,0.9052083996936311
13606,8091,0.9364308467603037
13617,6004,0.9120182096853198
13617,11403,0.9128979996451583
13826,657,0.909148651766457
13826,13009,0.9237445703645928
13826,2929,0.9054056218800851
13826,6916,0.9156659832080701
14283,11016,0.9007962913975741
14339,13789,0.9127887719574262
14339,6106,0.919023130826023
14339,12279,0.9577839460987739
14339,6947,0.9415937330098078
14339,9587,0.9085337153856947
14339,113,0.9633515516612603
14339,2688,0.9011009368846739
14339,4186,0.9614779406566228
14961,3176,0.9199529616801126
14961,4945,0.9197120233220538
14961,9974,0.9126822075840387
14982,2128,0.9112626173528522
14982,3872,0.903416285639726
14982,1084,0.9037716778967761
14982,4021,0.9017157983594831
14984,657,0.9453546749109757
14984,696,0.9280514972169083
14984,13009,0.9395828226130184
14984,13826,0.9068542685761144
14984,13570,0.9066403323609904
14984,2929,0.9139304098860069
14984,6916,0.9267826183372277
15090,13619,0.9193414675036817
15201,10112,0.904877565684891
15201,1109,0.907548157574606
15201,1247,0.925571181359338
15201,1658,0.9004624622939694
15201,7025,0.9085940104683733
15201,319,0.9005189677587444
15201,7765,0.9015112437413588
15201,10447,0.9055800458801803
15374,2651,0.9043739267720716
15374,10648,0.9250133739947122
15374,8722,0.9037275768037174
15374,10827,0.9038161739266449
15415,4010,0.9204521556617854
15415,5493,0.9147130779377639
15415,1745,0.9086140350868506
15415,4836,0.9201784324748539
15468,3489,0.9222531642547069
15569,5757,0.9698180641440421
15569,12678,0.923624807713911
15569,8048,0.9245170238170366
15569,1829,0.9730335706296452
15572,502,0.9047258795971167
15572,9995,0.9686094319888205
15572,1790,0.9702261869681092
15572,2314,0.9423163685513065
15572,15211,0.9593377898755628
15572,323,0.9046281367160053
15572,494,0.9315558998385839
15572,1409,0.9478735378275391
15572,3498,0.9688852791875928
15572,6291,0.954018080231221
15572,9907,0.923458776304717
15578,14117,0.9003654592117294
15578,7582,0.9381152035417185
15578,8764,0.9623613800908782
15578,9035,0.9104264354401862
15578,9943,0.9688161032286363
15578,13934,0.9663221550045127
15733,3300,0.9704987303089027
15733,5866,0.956132491866785
15733,11291,0.9164157719615083
15733,53,0.9041242139834341
15733,3957,0.969479007150248
15733,13619,0.9190934939845875
15733,1370,0.9571356053567293
15733,2938,0.9234892210062494
15733,5333,0.9350518650242717
15733,13540,0.9039188190474027
15733,3937,0.9588383314097613
15738,3416,0.9024163909701924
15773,6004,0.9413418392614984
15773,11403,0.9163117874547667
15773,13638,0.9290361505073547
15773,1660,0.900638512383092
15773,8667,0.9395611957880023
15773,11785,0.913092170996479
16135,5351,0.9438223793370459
16135,14288,0.9056913422378633
16135,15373,0.9274616261268166
16135,9573,0.9265284622747589
16135,11329,0.9224122411893766
16135,5537,0.9400877315193741
16135,545,0.9109090380283905
16135,3018,0.9176147460518173
16135,5030,0.9263903345508191
16239,16183,0.9914299869468938
16239,4205,0.9690926088587268
16239,15785,0.9067165164802609
16239,13452,0.9366987750703873
16239,3530,0.9776804947685833
16239,8446,0.9594047636440197
16239,9634,0.940778495397237
16239,12090,0.9577142136073966
16369,11435,0.9134977745542667
16369,5610,0.949852065173597
16369,7456,0.9498952031526006
16369,9777,0.9270402268498596
16369,7524,0.9294483983696775
16369,798,0.9197722644472767
16369,9719,0.9364850006793153
16369,649,0.9160991739362153
16369,2767,0.9372794434729538
16369,3416,0.9524151241394748
16424,1438,0.9053417826165404
17005,6828,0.9057315553464226
17148,2651,0.9234533619734088
17148,8722,0.9060657990012226
17148,10827,0.9007580195964459
17148,16115,0.9142303032179709
17214,270,0.9141468641212299
17214,5317,0.9375720064655899
17214,5761,0.9010599244216917
17214,188,0.9594556895520894
17214,1814,0.9305707200225275
17214,10006,0.918970514620703
17214,9868,0.9355042520424284
17214,3264,0.9149593273517111
17214,5202,0.9020416336688818
17214,5503,0.907271754519867
17214,6406,0.9267920391274449
17214,12585,0.9249268685365303
17214,5402,0.9117212684888234
17222,4591,0.905815034965725
17222,11414,0.9011989554360702
17304,8812,0.9323891665739984
17304,15706,0.9345244282026541
17304,15976,0.9299655899899446
17304,16799,0.9255746326374847
17304,4267,0.9173938170135689
17304,9382,0.9154652822904009
17339,3127,0.9486889754061534
17339,276,0.9011961544580765
17339,3406,0.9559973081801099
17339,8719,0.9265136289122541
17339,7148,0.9609811951329387
17339,2461,0.9434969906266667
17339,11077,0.9327620463740133
17339,2473,0.9366626087971219
17339,16985,0.9565440837780897
17339,845,0.9645030875394797
17339,1066,0.9798729455719494
17339,11807,0.9190518735643826
17339,15881,0.9404508491448097
17339,3338,0.9566953089054685
17339,15549,0.9159308575277387
17423,13476,0.900843876222948
17423,16170,0.9461820737958979
17423,14524,0.9257205500157688
17423,11818,0.9323806591685209
17801,16856,0.9042130063620787
17848,193,0.9169072238677175
17896,4655,0.9168782311799045
17896,6195,0.9010637863542695
17896,9819,0.9129651241128572
17965,1438,0.9120837817133391
18049,4880,0.9355285952676294
18049,2193,0.9734769807000125
18049,3063,0.9696102473332898
18049,4262,0.9251021457413655
18049,9101,0.926769083587494
18049,9523,0.9368083606689261
18049,5629,0.9556465946630307
18049,8093,0.9457289198190267
18049,17345,0.9477317502350271
18049,17784,0.9230471287468551
18049,4288,0.9389378886337922
18049,4443,0.9619017305100824
18049,4970,0.9246004563961351
18049,8593,0.9602722901507282
18049,17668,0.9482572015454649
18085,481,0.946792900292753
18085,15656,0.9560678899875942
18085,7159,0.9277626413733624
18085,9784,0.9079994039182535
18085,712,0.9566559644530584
18085,12498,0.9319170599606441
18085,3414,0.9934410393171816
18085,3600,0.9655910146801627
18085,4490,0.9643706324545571
18085,10432,0.9233060656630316
18085,16755,0.9672741713350653
18085,16944,0.9594059651294043
18085,13283,0.9032921744620308
18137,2128,0.9728155005801655
18137,15821,0.9181617325654038
18137,5018,0.945750038445684
18137,6091,0.9081687034574352
18137,3872,0.9515280329873634
18137,8402,0.9361541218895463
18137,13325,0.9249385469820659
18137,206,0.9050734951833195
18137,1084,0.9562605190919915
18137,3563,0.9317806025532026
18137,4021,0.9097416614472281
18137,6419,0.9102274828881165
18137,13050,0.928504244113593
18137,16856,0.9633009724017513
18210,12483,0.9270291056400094
18210,6401,0.928722857337211
18210,8728,0.9219852005947275
18210,13558,0.9457704310124849
18210,17722,0.9270797865036362
18210,4655,0.9480280578404169
18210,6195,0.9353387951625808
18210,9819,0.9515498599259883
18210,13931,0.9060263755363286
18210,4102,0.9252218401291138
18678,12447,0.9140709364888207
18678,6359,0.9206487692464698
18678,10862,0.9650428084196929
18678,14227,0.9451324011190123
18678,535,0.9252230613534967
18678,13409,0.91399108064689
18678,424,0.9347302762473018
18678,5836,0.9576669287429653
18678,16687,0.9004861209489784
18678,17652,0.9644833322913587
18678,9848,0.9300035863512999
18678,17126,0.9422088658022983
18678,18527,0.924762240089589
18678,1865,0.9707100604269017
18971,6313,0.9431445143463388
18971,8098,0.9408021678380727
18971,18039,0.9067098613996526
18971,14183,0.9331383779745337
18971,9917,0.9241944097275362
18971,12047,0.9057488256246005
18971,10875,0.9028190731233885
18971,15393,0.9327341737281993
18971,18204,0.937514351960965
19124,9516,0.9305302720198634
19169,423,0.9352900515008987
19169,6738,0.9017882185903863
19169,12605,0.9441687343865477
19169,6410,0.9596239197170788
19169,18938,0.9461158185975101
19169,1422,0.9159721444092712
19169,14607,0.9426859844456549
19169,4516,0.9117395793976854
19169,17361,0.9106511556440848
19169,13399,0.9039593044838594
19169,6014,0.9531225060739467
19169,6126,0.9183374316192139
19169,6154,0.9478508629396658
19169,9220,0.925943426213985
19169,5869,0.9712385315662174
19169,7445,0.9710144616809847
19169,11722,0.9568233434629423
19298,7356,0.9678717144273982
19298,9429,0.9656822777077644
19298,1319,0.9084355131214188
19298,5347,0.9128210223810356
19298,18867,0.9402773264869693
19298,1266,0.9310974511899843
19298,10849,0.9306521404894172
19298,17677,0.9443278812288066
19561,18849,0.9431008574002181
19644,16224,0.9035676251306022
19772,12483,0.9003185756142307
19772,6401,0.9004477818066273
19772,13558,0.9067459651399905
19772,18802,0.907479681929205
19772,4655,0.9057985087054988
19772,6195,0.920916973265341
19772,9819,0.9071309041744563
19772,14140,0.9009736273024264
19774,19373,0.9145109324833439
19774,6883,0.9278742288696681
19816,4855,0.9419371564760847
19816,7636,0.9467665217441412
19816,2749,0.9348645516825321
19816,11433,0.9209725982304913
19816,12415,0.9304642979368205
19816,17882,0.9239794098889866
19816,4133,0.9080505211989772
19816,9829,0.9194701410792896
19816,11013,0.9254035760587369
19816,16425,0.9290568849433342
19816,40,0.9379131346012748
19816,10156,0.902544869540097
19816,18784,0.9302001603845796
19816,2698,0.9055620171060852
19816,3525,0.9343495605145155
19816,8174,0.9373868214064917
19816,11016,0.954316912406444
19979,4010,0.9391584000747045
19979,10462,0.9042578743350244
19979,18378,0.948461604867373
19979,5493,0.9418794890256648
19979,6739,0.9080371098613946
19979,17988,0.9267146710055335
19979,1745,0.9237267144472691
19979,4836,0.9465469657308173
19979,19031,0.9324401383122162
19979,2346,0.9129442808224257
19986,13122,0.9293143679441016
19986,17222,0.903349434848939
19986,4591,0.9915113592033951
19986,5840,0.9697052159175698
19986,6121,0.9348045009739726
19986,10711,0.9519264350742912
19986,168,0.95741734790106
19986,1560,0.9289429816890075
19986,2633,0.9871811912201732
19986,6860,0.9168519032499923
19986,15972,0.9686303789710875
19986,18177,0.9655337511816251
19986,18543,0.9458032612593703
19986,11414,0.9848678672229583
20011,11568,0.9136591171670264
20011,8330,0.9016690737164555
20011,16735,0.9019716728553824
20011,2519,0.9157520902541806
20780,16400,0.9070524414301766
20780,7781,0.9177588639324755
20780,5353,0.9074144116353684
20780,17673,0.9353441928437123
20780,15697,0.9129147980741686
20780,5441,0.9350102434936424
20780,18718,0.9415700080873634
21046,425,0.9165888639669302
21046,19906,0.9089138254863927
21128,481,0.9287010474201068
21128,15656,0.9224792218252856
21128,18085,0.9637809629916329
21128,712,0.9148679518455312
21128,3414,0.9628424604944359
21128,3600,0.929745613679381
21128,4490,0.9277392493521653
21128,16755,0.9387994496899392
21128,16944,0.9423643489482196
21128,20733,0.9231184959375234
21171,3902,0.9238809299955886
21171,3450,0.9405121988931294
21171,9537,0.904062185752679
21171,10480,0.9014359911949681
21171,12628,0.933833214863308
21171,14715,0.9228724326547928
21171,4439,0.9288204492715936
21171,19057,0.9544422738222754
21171,6523,0.9310782811828949
21171,2460,0.9401422446723116
21171,11247,0.9120491246122104
21171,14807,0.918307104751973
21171,7044,0.950862778706826
21213,481,0.9453910776460407
21213,15656,0.9561911928312913
21213,18085,0.9941293971949212
21213,21128,0.9623101139229997
21213,7159,0.9263076303686594
21213,9784,0.9117821599859727
21213,712,0.9534760935795149
21213,12498,0.9351729445349076
21213,3414,0.9928515341348033
21213,3600,0.964301530959929
21213,4490,0.966496245430555
21213,10432,0.9104600900710459
21213,16755,0.9670745682508085
21213,16944,0.9611124327945691
21213,20733,0.9632072721665229
21240,7988,0.9407602074082175
21240,4895,0.9598589146725375
21240,10971,0.921632923227088
21240,16713,0.9265380585416443
21240,3461,0.9317568357505955
21240,4119,0.9464109767829908
21240,12991,0.9082384360328786
21240,13833,0.9480646361594124
21240,5849,0.937817481056376
21240,8081,0.9261721694945099
21240,17691,0.9482480466697281
21240,11482,0.9143818397664709
21452,6004,0.9443674096896549
21452,11403,0.9217133028306319
21452,13638,0.915141666475391
21452,16659,0.904906298149062
21452,19919,0.9119634263270329
21452,8667,0.9097163204869193
21452,15773,0.920927768022421
21452,17160,0.9141749555510391
21452,1496,0.9091729694175273
21480,16400,0.9167278295571635
21480,7781,0.904335658498122
21480,5353,0.9070727082016684
21480,17673,0.936208996331923
21480,15697,0.9225647100933435
21480,5441,0.9022544359643427
21480,18718,0.942228044729115
