1109,319,0.92209097146388
1247,1109,0.9501913825607329
1247,319,0.9260262546641183
1330,425,0.9103686711286806
1814,270,0.942944377688465
1814,188,0.9278124649079318
1925,270,0.9465963381825803
1925,1814,0.9075615116853369
2749,1062,0.9103195840809447
2749,40,0.9493211288619828
2749,2698,0.9196758395287383
3957,3300,0.9940449601919147
3957,53,0.9235294564088434
3957,1370,0.9740882873793245
3957,2938,0.9450365667207908
3957,3937,0.9705917156419221
3957,1521,0.9190654937653338
4054,1972,0.9036643147772258
4136,3670,0.9191825217507642
4136,2044,0.9563100001429788
4136,359,0.928070074740889
4136,240,0.981798519107106
4136,1558,0.9389529417723171
4136,2631,0.9652424981903797
4543,2790,0.9587213666536969
4543,4363,0.9168193928726357
4591,168,0.9543005586692657
4591,1560,0.9299536627135225
4591,2633,0.9847658451725833
4605,1790,0.9138808247510113
4605,2314,0.9081108484376573
4605,1409,0.9168289012529801
4605,3498,0.9163673581125373
4912,4526,0.9877293828476088
4912,647,0.9338903337579306
4912,2321,0.9145405557099975
5018,2128,0.9686036309012104
5018,3872,0.9564239044008418
5018,1084,0.9564150170407142
5018,3563,0.9439429498825408
5018,4021,0.9122935660285842
5458,4448,0.9125346723460468
5458,1973,0.9069153741251648
5504,4289,0.9707546924178875
5504,4858,0.9680556014075503
5504,586,0.9429228489673726
5504,4249,0.9238483508319365
5504,5110,0.9193840008340227
5610,142,0.9341186624697608
5610,798,0.9667421414703756
5610,5009,0.9206357006161004
5610,649,0.9532370288934693
5610,2767,0.9633740469120227
5610,3416,0.9960449882481499
5711,2261,0.9022078237748149
5757,4579,0.9205671616686607
5757,4252,0.9029025765173793
5757,1829,0.9913150774548258
5840,4591,0.9720256586355346
5840,168,0.9271950008406066
5840,2633,0.9669214955279317
6121,4591,0.9386580468743903
6121,5840,0.9214298022839351
6121,2633,0.9134431442958886
6169,4410,0.9253247306177518
6187,3795,0.9757002370982809
6187,4302,0.9625577732112035
6187,4846,0.9154862981249834
6187,5199,0.9192156078185136
6187,4934,0.934544882450363
6187,997,0.9109646712654907
6326,5740,0.906373905264957
6326,4655,0.9690080153423714
6326,6195,0.9394097005749835
6326,4102,0.95563813502569
6359,535,0.9242260334243662
6359,424,0.9074454163168434
6359,5836,0.9397209666853911
6359,1865,0.937676996099338
6674,6362,0.9204072180758175
6674,2847,0.9009857791307503
6674,2739,0.9260895666189742
6674,4841,0.97653036538889
6674,5477,0.9723677337687974
6688,111,0.9800843540983437
6688,185,0.9582431756527726
6688,1641,0.980620324687131
6688,1970,0.9547862312876753
7148,3127,0.918349228585596
7148,3406,0.9194514264970612
7148,2461,0.9178318751712474
7148,2473,0.9165982290215673
7148,845,0.937402903192622
7148,1066,0.9489054264582031
7148,3338,0.9289893345859191
7158,4655,0.9089185635807103
7159,3414,0.9266025120200968
7456,5610,0.9957360062071609
7456,142,0.936468503512898
7456,798,0.9667494278451786
7456,5009,0.923784822444451
7456,649,0.9533300623280815
7456,2767,0.9605263794547423
7456,3416,0.9957803942977378
7734,6883,0.9633802960898599
7973,4909,0.9322061567290074
7973,345,0.9150345024874933
7973,4548,0.9190700824544857
7973,7770,0.934972169309575
7973,1858,0.9150475015529177
7973,6462,0.953942598668559
8227,5317,0.9422432218198323
8227,5761,0.903279874718342
8227,1814,0.9369743836338307
8227,3264,0.9216236241486214
8227,5402,0.9151036346035758
8329,2261,0.9184310391270923
8329,8092,0.9207655304676146
8503,3913,0.9225917967186792
8503,3016,0.912419865791032
8503,5698,0.928608938776129
8728,6401,0.9132726769379947
8728,6326,0.9018449814787937
8728,4655,0.9488213943440355
8728,6195,0.9426167183599723
8728,4102,0.9247524865858575
8732,3489,0.9284839887883048
8732,4651,0.908357583482806
9100,669,0.9457962170687537
9100,4873,0.9496754264270133
9100,5680,0.9616442547321947
9100,5044,0.9453145918317704
9101,2193,0.9333928828118151
9101,3063,0.9319789965521756
9101,4262,0.9089592937345203
9101,5629,0.9107460351716307
9101,8093,0.9148408386626936
9101,4288,0.9048864112992647
9101,4443,0.9143908418324526
9101,8593,0.9221080409730148
9369,268,0.9571044021400317
9369,6495,0.9533794851655365
9369,8607,0.9472789343625712
9369,5198,0.9448553444171278
9369,6510,0.9375317728804254
9369,3117,0.9422021794371092
9488,4909,0.9452619917437163
9488,345,0.9359050603283483
9488,7973,0.9139615364959994
9488,4548,0.9501013535117623
9488,7770,0.9438514874642967
9488,8645,0.9302267311110791
9488,4996,0.9209478040507146
9488,1858,0.9308758193036836
9488,6462,0.9673107059863831
9784,3414,0.9111233738272242
10436,4909,0.9532612817102266
10436,9705,0.9157350268179826
10436,345,0.9239423585270587
10436,7973,0.9357582788753349
10436,9488,0.9268901797024814
10436,4548,0.920066102438671
10436,7770,0.9353323551851801
10436,1858,0.947806630285268
10436,6462,0.9617538900088207
10480,3902,0.9226630104501683
10480,3450,0.9280123681623887
10480,4439,0.9228542425481951
10480,6523,0.9262483572810127
10480,2460,0.9123087605016814
10480,7044,0.9328724746904226
10862,6359,0.9369858529993618
10862,535,0.9546396655356092
10862,424,0.9614173934407774
10862,1108,0.9093342165448542
10862,5836,0.9872179959799705
10862,9848,0.9538056958619371
10862,1865,0.991968347440426
10903,6313,0.9564786172992089
10903,8098,0.95401022666957
10903,9917,0.9099899632732501
10903,10875,0.9283066442221183
11156,10727,0.9744954772943568
11156,8503,0.9549625094282845
11156,3913,0.9473287565697499
11156,3016,0.9453331863007655
11156,9747,0.9363143472937416
11156,5698,0.956169457580763
11156,8966,0.9496370903507876
11367,8954,0.9092700621980755
11367,3798,0.9059424506334854
11408,6828,0.9446670309050209
11408,4543,0.933768081427284
11408,10581,0.9191041824337617
11845,268,0.9270062227302858
11845,6495,0.9424481709174064
11845,8607,0.9497377736277349
11845,5198,0.9034266928102366
11845,9369,0.9551433517780101
11845,6510,0.9184671356070541
11845,3117,0.9198973725804386
11849,5610,0.9005287353473403
11938,9675,0.9532615380201456
11938,2896,0.9121528256058015
11938,1159,0.935604611379647
11938,5338,0.9271784519909023
12233,6828,0.9406370137228114
12233,2790,0.9018047506662922
12233,4543,0.926349213995212
12233,10581,0.9067015533910692
12233,12031,0.9169817483410927
12562,5509,0.9404191569406175
12562,2261,0.987639779408801
12562,5711,0.9111414345585749
12562,8329,0.9230653030782796
12562,5388,0.9652035735504925
12562,8983,0.9881289724711684
12562,11060,0.9923894105685703
12562,159,0.9114781171130141
12562,8092,0.9938781168782824
12628,3902,0.9311541692644801
12628,3450,0.9294222546019314
12628,10480,0.9193185698477567
12628,4439,0.9430695616066876
12628,6523,0.9385613657423181
12628,2460,0.9280588351884069
12628,11247,0.9402122849191531
12628,7044,0.9585625385514088
13160,12483,0.9086642645423446
13160,6401,0.9219821734988058
13160,6326,0.9024529628822509
13160,4655,0.9214414509305608
13160,9819,0.9260746198558469
13417,5132,0.9086659090713751
13417,11568,0.9317500329939149
13417,8330,0.9161257896554479
13417,1867,0.9024047156182993
13417,2519,0.9320326741758096
13417,10564,0.908621119467493
13452,4205,0.9247040150474912
13452,3530,0.9155599866123517
13452,8446,0.9003368742515292
13452,12090,0.9137552884835025
13558,12483,0.9641250408791286
13558,5740,0.9187746268597526
13558,6401,0.9753598575125482
13558,11509,0.9129946768046691
13558,6326,0.9632253663352192
13558,7158,0.9084579664447885
13558,8728,0.9381252288046866
13558,13160,0.9150713572761544
13558,4655,0.9867347333653766
13558,6195,0.9624444069028707
13558,9819,0.9871234717366886
13558,4102,0.9527142211681873
13605,9565,0.9088542572803079
13605,1024,0.9363860238109571
13605,11264,0.9168224767054234
14117,8764,0.9130005525911299
14117,9943,0.9190212655418936
14117,13934,0.9141346397530102
14202,4185,0.9117395496760533
14227,12447,0.9236242097337479
14227,6359,0.9196404234466028
14227,10862,0.967522418724618
14227,535,0.928829087499869
14227,13409,0.9131541807878102
14227,424,0.9497029211403956
14227,5836,0.94147823729408
14227,9848,0.9271242646000316
14227,1865,0.9736743570804282
14239,6007,0.9873420391376161
14239,14087,0.9354113681269014
14239,1324,0.9799945694467966
14239,10664,0.952845532030317
14239,11621,0.9895401901962695
14239,772,0.9473376477745312
14239,9888,0.9811321868507499
14239,5727,0.9580966256357152
14288,5351,0.9054483643124189
14288,5537,0.9055783692499175
14338,9565,0.9571128870886302
14338,12371,0.9704372368131091
14338,13605,0.9455798348953501
14338,1024,0.9846163814413132
14338,11264,0.9646528393895741
14338,1765,0.9390979720068783
14338,11907,0.9481981132562423
14338,14075,0.9396605242521225
14338,14095,0.9445079076957692
14545,10727,0.9534635335079292
14545,8503,0.9186957983499576
14545,11156,0.9552374918510209
14545,11673,0.9407748932910056
14545,3913,0.9245062417257116
14545,3016,0.9116139898871733
14545,9747,0.9379785698870446
14545,11299,0.911304792477299
14545,5698,0.929087104401568
14545,8966,0.9336691338281499
14715,3902,0.9134611690723851
14715,3450,0.9117179198472055
14715,12628,0.9291511758599034
14715,4439,0.9232016638664055
14715,6523,0.9177976189295901
14715,2460,0.9118794747923157
14715,7044,0.9269431725284977
14968,14870,0.9044909229007064
14991,9100,0.9213057364072752
14991,3627,0.900549876898681
14991,4873,0.9260976413984028
14991,5680,0.934670702964565
14991,14277,0.9171965582012028
14991,5044,0.9114529589517102
14991,14779,0.9073450835460396
15111,13094,0.9197811602941236
15359,4909,0.9513652540621043
15359,9705,0.9344316651230242
15359,345,0.9358414414993511
15359,7973,0.9347606800256016
15359,9488,0.9563493903966913
15359,10436,0.9489874195271365
15359,4548,0.9355634362989904
15359,7770,0.9528539345086253
15359,13513,0.9145393123051931
15359,8645,0.9241990161851492
15359,14365,0.9321366570859086
15359,4996,0.9218670675478663
15359,12109,0.9569752589440081
15359,13669,0.9174037134946507
15359,15000,0.9325458342791763
15359,1858,0.9448549818391907
15359,6462,0.974141098679026
15373,5351,0.9567232217917063
15373,9573,0.9320743263323724
15373,11329,0.9475768246950975
15373,5537,0.9302151441095776
15373,272,0.9295567304013859
15373,545,0.9121025798017987
15373,3018,0.9114645214502879
15373,5030,0.9228341108753472
15504,1106,0.9265199552598803
15504,5504,0.9668514115248549
15504,4289,0.9877850295539045
15504,4858,0.9827579314888578
15504,6087,0.9158574234754614
15504,8117,0.9125276381880181
15504,8348,0.9166883385925346
15504,13723,0.9857378832175757
15504,586,0.9569811928071391
15504,4249,0.946933664682185
15504,15458,0.9864922269592884
15504,8562,0.9574724253054893
15504,12485,0.9634943330413221
15504,14399,0.9050457740309743
15504,5110,0.9275807356072072
15504,10199,0.9714552125530994
15520,9565,0.9312626622274512
15520,12371,0.9539818328568255
15520,13605,0.9170485170671855
15520,14338,0.9711221129910909
15520,1024,0.9609882977390373
15520,11264,0.9289913765254464
15520,1765,0.924182045160467
15520,11907,0.9295674823104113
15520,14075,0.9181095548688192
15520,14095,0.9177417619367682
16093,15111,0.9469351020811719
16093,13094,0.9449657371933986
16093,14366,0.9125584837851128
16093,5691,0.9237243918128918
16093,15607,0.9049310760138364
16168,4010,0.934529324037259
16168,5493,0.9266801777176503
16168,1745,0.9157939793378388
16168,4836,0.9331637996169839
16168,2346,0.9293676419777568
16170,13476,0.9621463425203045
16170,10281,0.9338019265714751
16170,10732,0.9265064930799227
16170,14524,0.9418553816421815
16170,7927,0.9064565199557938
16170,11818,0.9665180036130464
16398,6632,0.9021371454795503
16532,6007,0.9499936503777111
16532,14239,0.9381800616671936
16532,1324,0.9209044553740553
16532,11621,0.9307344424504431
16532,772,0.928294676733449
16532,9888,0.9284551157709238
17067,17053,0.9022920052287163
17067,6674,0.9501583026781635
17067,9591,0.9448780297951767
17067,9722,0.9427083882820118
17067,4841,0.9296208053855983
17067,5477,0.9002578697228096
17067,15299,0.9261947417692262
17071,12011,0.9023264634045922
17071,13789,0.9340360707763486
17071,6106,0.9567901279441297
17071,12279,0.9736555901668562
17071,14339,0.9699832363904819
17071,6947,0.9642081653691856
17071,9587,0.9338897060587658
17071,113,0.9891118396898482
17071,2688,0.9024659726010943
17071,4186,0.9859675591068542
17141,11060,0.9023218687196715
17141,8092,0.9064468051779812
17232,4010,0.9239927672461351
17232,5493,0.9235816829723006
17232,1745,0.9114999747717308
17232,4836,0.923735387310614
17232,2346,0.9084629525043345
17722,12483,0.9505379819737174
17722,5740,0.9017067806424677
17722,6401,0.9587670191757034
17722,6326,0.9531027362308411
17722,8728,0.9325050685082107
17722,13558,0.9687780025271991
17722,4655,0.9750175497711491
17722,6195,0.9568168055878337
17722,9819,0.9736141141271902
17722,13931,0.9365859369312665
17722,4102,0.956745656847844
17722,14140,0.9219738808510174
17737,9685,0.9148226218091888
17737,12700,0.9297771962402517
17737,13460,0.9261869509822394
17737,7572,0.9192570527307531
17737,3001,0.9192472388418732
17737,6628,0.9192483699216586
17737,8423,0.9448813153436098
17737,3541,0.9107621545432824
17737,14281,0.9022488287408398
17778,502,0.9235403023522073
17778,9995,0.9710585071867059
17778,15572,0.9396803972324542
17778,4605,0.9036854452805495
17778,1790,0.9743863302099435
17778,2314,0.9427388187373043
17778,15211,0.9721883873181897
17778,323,0.9080348991500337
17778,494,0.940836203510054
17778,1409,0.9693169941305763
17778,3498,0.9739537946394355
17778,16784,0.9066415477869496
17778,6291,0.9533953738180648
17778,9907,0.9266453077327537
18026,268,0.962469122595802
18026,6495,0.9548351794338905
18026,8607,0.9411909756605011
18026,5198,0.9376484141924741
18026,9369,0.9353580774770192
18026,11845,0.9249911270302621
18026,13376,0.9252850612202204
18026,6510,0.9271666317324219
18026,16401,0.9453390042878026
18026,17207,0.9250578099213355
18026,3117,0.9423611627738997
18026,12484,0.9417783967853333
18039,6313,0.9367685012347975
18039,8098,0.924746060633674
18039,10903,0.9016933219897997
18039,14183,0.9240073550509504
18039,9917,0.9056803108285272
18039,12047,0.9266111703258498
18039,10875,0.9047122103208154
18039,15393,0.9082900642596166
18260,9675,0.9079477374869565
18260,13269,0.9224053372701948
18260,2896,0.9030444408066134
18260,1159,0.9034299335998806
18260,5338,0.9080479893737817
18673,7636,0.9309993933016193
18673,2749,0.9415183816209132
18673,11433,0.9054431167785097
18673,12415,0.9183837154822233
18673,17882,0.9092130963059407
18673,9829,0.9022234921280194
18673,11013,0.9189588547018178
18673,16425,0.9106684480993914
18673,40,0.9052963364328381
18673,3525,0.905601258458746
18673,8174,0.9240276275197026
18673,11016,0.9342440315232468
18706,12447,0.9266312524670606
18706,18678,0.9388202386483886
18706,6359,0.9350361733797373
18706,10862,0.9675235883834685
18706,14227,0.933684831403102
18706,535,0.9296409855206531
18706,13409,0.9101233808840564
18706,424,0.9458122988401012
18706,5836,0.9623231812815956
18706,16687,0.9242541333148082
18706,17652,0.9674929092965192
18706,9848,0.9329168238515787
18706,17126,0.9346424656257619
18706,18527,0.9229665680035171
18706,1865,0.9616872941306817
18716,16294,0.9649753208371765
18716,10727,0.980049673037289
18716,8503,0.9605227353867803
18716,11156,0.9850288656411085
18716,14545,0.96268814241689
18716,11673,0.9597271914799528
18716,14939,0.9870053315687832
18716,3913,0.9541987175101644
18716,16334,0.9844895878265105
18716,3016,0.9441635207449376
18716,18386,0.931998160837552
18716,9747,0.9379493160656768
18716,11299,0.9456876331636033
18716,5698,0.9649184213405532
18716,8966,0.9600406819475094
18716,17195,0.9456804755150183
18867,7356,0.9717397020803453
18867,9429,0.9662811643298064
18867,14748,0.9010935608909988
18867,1319,0.908974034290736
18867,5347,0.9065412440392954
18867,10849,0.9327098175943507
18867,17677,0.9448015927622571
18920,8423,0.9084434821353943
18938,423,0.9342739193224034
18938,12605,0.959940278696366
18938,6410,0.9594035114925034
18938,1422,0.9220161849167027
18938,14607,0.9077451520935541
18938,17361,0.9241086906749708
18938,13399,0.9149831914148011
18938,6014,0.9504065506228873
18938,6126,0.9294294757011687
18938,6154,0.9529134792448374
18938,9220,0.9356795856727843
18938,5869,0.970065111528136
18938,7445,0.9670030998756763
18938,11722,0.9548896080740508
19286,8812,0.9171436142428891
19286,15706,0.9292613109928387
19286,15976,0.9200510807233484
19286,16799,0.9102347328446933
19286,4267,0.9155028741146289
19286,9382,0.9234431785197491
19292,8812,0.9080244357300393
19292,15706,0.9095372224454211
19373,17309,0.9618688160059544
19373,7734,0.9553438719396521
19373,18671,0.9646867502668136
19373,6883,0.9936457863608672
19373,4851,0.9265634516027054
19373,19024,0.9061691885857762
19373,8055,0.9374392103443215
19373,17101,0.9164247628936814
19450,9995,0.9269376907305044
19450,15572,0.9147019114113163
19450,1790,0.922885295614555
19450,15211,0.9195923759951518
19450,494,0.9009374151431963
19450,1409,0.9183621220273729
19450,3498,0.9223715130624812
19450,6291,0.9097729150833093
19484,4984,0.9048767932419641
19484,5557,0.9275705240647201
19484,7260,0.9005917161396674
19484,12299,0.9009722723002832
19484,14716,0.9196682860400607
19484,1008,0.9198335699723731
19484,13390,0.9300853505773284
19484,4918,0.9070917034297457
19484,6612,0.9019142688644779
19484,13755,0.915886905623006
19484,2948,0.9418721999708054
19484,14656,0.9585222257102095
19660,1774,0.924821713345222
19660,2205,0.9061218602567636
19660,8838,0.9132012293340194
19660,891,0.901126373221577
19755,4010,0.9348028072899434
19755,18378,0.915044623594297
19755,5493,0.9165967892067213
19755,16168,0.903488031936247
19755,17988,0.9136178789401922
19755,1745,0.9060915133767159
19755,4836,0.9181634288363639
19755,2346,0.9042655748881507
19813,5680,0.9115927637159974
20071,13476,0.9560635143541978
20071,17423,0.9516414632863287
20071,10281,0.9347189324519263
20071,16170,0.9944802921782553
20071,17523,0.9589465037275887
20071,10732,0.9250229094470196
20071,14524,0.9440746605343247
20071,7927,0.9054373438473984
20071,11818,0.9637359757191024
20109,4545,0.925845056883162
20109,7896,0.9427521484710759
20323,1915,0.9273639336889729
20823,19986,0.9327651088670962
20823,4591,0.9307557193372855
20823,5840,0.9161117484046382
20823,6121,0.9096171060501103
20823,168,0.9211445815087747
20823,2633,0.9324098353496943
20823,15972,0.9068486680330348
20823,18177,0.9067581027153552
20823,11414,0.9289433285999062
21059,111,0.9279250875063132
21059,6688,0.9056303063632216
21059,185,0.908267044412858
21059,7133,0.9222641912503694
21059,1641,0.9353174068199329
21059,8090,0.9016717068331681
21385,3300,0.9304906191930492
21385,5866,0.9236969345311602
21385,18214,0.9273271894242864
21385,15733,0.9071376963466378
21385,3957,0.9398251878270178
21385,18685,0.9091210069028555
21385,1370,0.9172063403961858
21385,5333,0.9045166391507322
21385,17689,0.966658567833719
21385,3937,0.9070001703330985
21385,19317,0.927268772215934
