185,111,0.9690120237850839
535,424,0.9161167622165256
1394,143,0.9458067962684349
1422,423,0.9225270494686534
1658,1109,0.9455596963141313
1658,1247,0.9736642412471831
1658,319,0.9359109478601155
1774,891,0.9461347228192962
1790,502,0.9433866076215647
1790,1283,0.9029399760567648
1790,323,0.9290263102937526
1790,494,0.9640621307473786
1790,1409,0.9897813843179243
2044,359,0.9401590453790037
2044,240,0.9657302304587533
2044,1558,0.9303455464419442
2314,502,0.9079567419847385
2314,1790,0.9624190696986069
2314,323,0.9005543047017184
2314,494,0.9380138661199433
2314,1409,0.9608788380738069
2461,845,0.9642009083421238
2461,1066,0.9274810533485687
2556,425,0.9274024249618716
3176,866,0.9477899960842486
4439,3902,0.9267683587979945
4439,3450,0.9392223164634452
4439,2460,0.9366775685487785
4548,345,0.9528569156538137
4548,1858,0.9330818201082923
4579,1829,0.9218186372218106
4747,4543,0.9167754815318051
5107,2929,0.9080099044762105
5126,143,0.9010384998031323
5388,2261,0.9623844999022918
5999,456,0.916021046339459
6091,2128,0.9274525139727415
6091,5018,0.9105255584054077
6091,3872,0.9239955726897127
6091,1084,0.9337774265672926
6628,3001,0.9297578774659768
6628,3541,0.9381610951677604
7025,1109,0.9521294235941976
7025,1247,0.9573087428744351
7025,1658,0.955702973848212
7025,319,0.9373583288449199
7198,104,0.9030157379724115
7198,5790,0.9461362804281271
7198,6509,0.9624563188289756
7508,1109,0.9133178494889241
7508,1247,0.9183827350032275
7508,1658,0.9148823414811822
7508,7025,0.9233383944090073
7770,4909,0.952680434571017
7770,345,0.9193469983535496
7770,4548,0.9312614679751194
7770,1858,0.9412372364434668
7770,6462,0.9665200014238341
7781,5353,0.9160564687415155
7781,5441,0.912616765152877
8050,2095,0.9200474843759725
8050,1394,0.9300809074506214
8050,6632,0.9465832050809848
8050,143,0.9293842661822974
8330,5192,0.9435271997318094
8330,5132,0.923098296593211
8330,1867,0.9453725580432943
8330,2519,0.9702844757641175
8446,4205,0.9415224701386368
8446,3530,0.9328379275638431
8692,111,0.9317743576845992
8692,6688,0.9312879818364617
8692,185,0.9213400370516984
8692,7133,0.9322570346845068
8692,1641,0.9370037863570407
8692,1970,0.9215845409987536
8692,8090,0.9191938578962682
8983,5509,0.9372851732354585
8983,2261,0.9838181616132496
8983,5711,0.9096486081435485
8983,8329,0.9156557117104972
8983,5388,0.9621187857898356
8983,159,0.908167582770719
8983,8092,0.9912218321932251
9507,8996,0.9073431021910368
9507,1394,0.9028110897969751
9507,8050,0.9025843497752085
9507,3113,0.9361284258326948
9507,6632,0.9400430937752914
9507,143,0.9125945046257505
9507,8400,0.928028478318388
9523,4880,0.944529058983134
9523,2193,0.9687485953779857
9523,3063,0.9719908328588888
9523,4262,0.9032614384298301
9523,5629,0.9540323586313553
9523,8093,0.9489158241308544
9523,4288,0.9581305204518623
9523,4443,0.9629279238672631
9523,4970,0.9358178977113597
9523,8593,0.9577443071338914
9573,5351,0.9472890997530182
9573,5537,0.9293881299023724
9573,272,0.9224759660413395
9573,545,0.9128334311796213
9573,3018,0.9167002963773607
9573,5030,0.9407454893349978
9591,6362,0.9214627289004521
9591,6674,0.9936895081614944
9591,9312,0.9095408216622936
9591,2739,0.931448349234503
9591,4841,0.971566573682531
9591,5477,0.9656278760110146
9591,7532,0.9455731833400107
9722,6362,0.9119481722027516
9722,6674,0.992613600858066
9722,9591,0.9924417711183275
9722,2847,0.9016703481178591
9722,2739,0.934346578108702
9722,4841,0.9717023001447763
9722,5477,0.9688902892255654
9722,7532,0.9598391738735987
9777,5610,0.9585021620869162
9777,7456,0.9591676781784023
9777,7524,0.9434042131766002
9777,142,0.9256299020243092
9777,798,0.9365137496421291
9777,9719,0.9364790813246499
9777,649,0.9165579266490873
9777,2767,0.9299881033005785
9777,3416,0.9597667174329969
9937,287,0.9281996118235208
9937,8885,0.9198051486514136
10006,270,0.9471479418237291
10006,5317,0.9676028204937103
10006,5761,0.9429669430890597
10006,188,0.9298893863014736
10006,1814,0.976534515924081
10006,1925,0.9019903509748003
10006,8227,0.9095246175724636
10006,9868,0.9665940212509013
10006,3264,0.9505114699444206
10006,5202,0.9356432790790847
10006,5503,0.945312981742027
10006,6406,0.9372397320566292
10006,5402,0.9423293780708392
10198,425,0.9518533574865913
10198,6265,0.9142196999954489
10198,8954,0.9510406775160224
10198,9230,0.9249525712249091
10198,3798,0.9376747744121743
10648,2651,0.961985891888172
10648,7761,0.9052356530574021
10648,2421,0.9131617559915527
10648,8722,0.9486172768844147
10648,9304,0.9142452056623189
10648,166,0.9217868357184824
10711,4591,0.9526907316499083
10711,5840,0.9362647803186107
10711,168,0.9232183411181587
10711,1560,0.9177481957096263
10711,2633,0.9505303314079205
10823,4655,0.903767415858738
10829,7133,0.9084971376769395
10829,1641,0.9099957013384524
11060,5509,0.9462398098504636
11060,2261,0.9855506481601607
11060,5711,0.9117158537322394
11060,8329,0.9211679389248274
11060,5388,0.965368324125775
11060,8983,0.988342864344366
11060,159,0.9108328076023415
11060,8092,0.9928201169497985
11060,2835,0.9055606405612614
11077,845,0.9132149057595977
11077,1066,0.9239455857782675
11077,3338,0.9147537713142714
11264,9565,0.924537641034524
11264,1024,0.9555043115953891
11264,1765,0.9188269757507846
11433,4855,0.9133514475151531
11433,7636,0.9534861226252626
11433,2749,0.9392532918430253
11433,9829,0.9295162795251092
11433,11013,0.9403243517955147
11433,40,0.9432969494725387
11433,10156,0.9311240564402233
11433,3525,0.9298176248458898
11433,8174,0.9499842666765473
11433,11016,0.962426902596125
11500,5790,0.9140813578378083
11500,7198,0.916809122779043
11500,6509,0.9115467219201235
11500,11019,0.9490965626291916
11500,11125,0.9288268158502914
11560,6828,0.9331064884298561
11560,7875,0.9014543428454633
11560,4543,0.9231850443849339
11560,11408,0.9376515956498143
11560,10581,0.9030973610303492
11673,10727,0.953337681344259
11673,8503,0.9570923133100037
11673,11156,0.9543906157061881
11673,3913,0.9214345875799008
11673,3016,0.9210969141138077
11673,9747,0.9317986438114111
11673,11299,0.9176580993378533
11673,5698,0.9449914655622556
11673,8966,0.9218400260496672
11762,657,0.9274322052993903
11762,6916,0.9057709117096787
11785,6004,0.9055807289666353
11981,1247,0.9026202320321841
11981,1658,0.9019348053041977
12498,3414,0.9288545194343416
12498,3600,0.9304149274761437
12556,649,0.9132097912787178
12678,5757,0.9347636856873824
12678,1829,0.9348406899861187
12837,7988,0.91277072435816
12837,4895,0.9160148329849349
13196,11016,0.905703640871901
13269,9675,0.9484645179822879
13269,11938,0.9261318812522868
13269,10541,0.9118417991874516
13269,2896,0.9356505932783867
13269,1159,0.9286502565204481
13269,5338,0.9346459834576594
13269,13213,0.9015800101074247
13376,268,0.9009314704078141
13376,5198,0.903302576178523
13409,10862,0.9300487317927756
13409,424,0.9094263815441684
13409,5836,0.9080433981608637
13409,1865,0.9399356122580625
13513,345,0.9060632586848867
13513,9488,0.9187436576541383
13513,10436,0.9016164042316076
13513,4548,0.9174256257551959
13513,7770,0.9083252796677321
13513,3851,0.9130912990044436
13513,12109,0.9121911203538848
13513,6462,0.9225710866713829
13671,8812,0.9621936029981621
13671,5549,0.9150895120117662
13671,4267,0.9535423500542576
13671,7777,0.9383811517645312
13671,9382,0.9502787039829811
13993,425,0.9521396663383639
13993,11367,0.9094719340369546
13993,10198,0.9226247514584823
13993,6265,0.928670113664735
13993,8954,0.9330987334240073
13993,9230,0.922940755310122
13993,3798,0.9355209523818497
13993,13487,0.9371258456786743
14087,6007,0.9342034663265917
14087,1324,0.9122793498203962
14087,11621,0.9470456738850626
14087,9888,0.9085133822377924
14183,6313,0.9737825822955458
14183,8098,0.9598652852440259
14183,10903,0.9438028755134809
14183,9917,0.9221814866707082
14183,12047,0.9627578749888804
14183,10875,0.9527033055944658
14250,6401,0.9168554015234757
14250,4655,0.9087604342522148
14251,657,0.9384428617528764
14251,696,0.9048719404155519
14251,5825,0.9275821433118867
14251,13009,0.9426918928026591
14251,13570,0.9074558640611878
14251,2929,0.9118464813027436
14251,3220,0.900434184675935
14251,6916,0.9448327616029845
14260,4912,0.9314117559250698
14260,4526,0.9250710595979535
14607,423,0.9194155709901249
14607,12605,0.9333832334707732
14607,6410,0.9553303631287309
14607,1422,0.9051270830758893
14607,4516,0.902312634365727
14607,6014,0.9413179336300198
14607,6126,0.9068660760243874
14607,6154,0.9257338451922891
14607,9220,0.9152520095980873
14607,5869,0.9603892941094114
14607,7445,0.9584587132003066
14607,11722,0.9419362410718106
14763,9675,0.9172003411350411
14763,1159,0.9004762078953976
14939,10727,0.9799153921906826
14939,8503,0.9543623289827026
14939,11156,0.9803728576525578
14939,14545,0.9563130804407636
14939,11673,0.958198397210154
14939,3913,0.9486306341883302
14939,3016,0.9386252964047089
14939,9747,0.9378263154512182
14939,11299,0.9432405933652815
14939,5698,0.9666339076619758
14939,8966,0.9522484246175005
15639,9685,0.9099586232585114
15639,8423,0.9014114707512528
15639,3541,0.9036995917867456
16224,3489,0.9436895208203069
16224,8732,0.9111728502869546
16224,6243,0.9060094369648594
16224,412,0.9156561185975634
16224,8651,0.9276900962781417
16224,1010,0.90270146712009
16224,4651,0.9484487644652286
16680,3670,0.9193467475121987
16680,15496,0.919731338627061
16680,4136,0.9332655657778073
16680,2044,0.9316819459609805
16680,359,0.935261543672884
16680,10550,0.936178403797968
16680,240,0.9546300924568432
16680,1558,0.9297157835160641
16680,2631,0.9341944119711637
16713,7988,0.9720075434701687
16713,9994,0.9190711609097874
16713,4895,0.9658401991022544
16713,11429,0.9273589387879642
16713,3461,0.9497692970464193
16713,4119,0.9602716788759229
16713,12991,0.9342857254528427
16713,13833,0.9443597408806026
16713,5849,0.9461602091199065
16713,8081,0.9626860527485125
16713,6624,0.9103268609088631
16847,2990,0.9011958786235426
16859,6828,0.9636347293095362
16859,2790,0.9211131249979931
16859,4363,0.9054148201414591
16859,4543,0.952952081555686
16859,11408,0.9099265040291789
16859,12233,0.9115745858255693
16859,11560,0.9172255651184482
16859,10581,0.9114187304989073
16859,12031,0.9461090557959944
16859,13730,0.9473876126946116
16859,11065,0.9156061031257923
17160,6004,0.929191750220482
17160,13638,0.9178483834161194
17160,8667,0.9073308192708672
17160,15773,0.9321185079347545
17523,13476,0.9068473379330919
17523,17423,0.9080048136386039
17523,10281,0.9057269271684992
17523,16170,0.9580968647526749
17523,14524,0.907176618973647
17523,11818,0.933405705010824
17669,9565,0.9212833302840838
17669,12371,0.9453607295537707
17669,13605,0.9051803010837461
17669,14338,0.9648105621271406
17669,15520,0.9371245939061225
17669,1024,0.9518445595974342
17669,11264,0.9402609493625366
17669,1765,0.9046399650801155
17669,11907,0.923405145915593
17669,14075,0.904598431788777
17954,10524,0.9389367193346487
17988,4010,0.9649531107787317
17988,10462,0.9342737840836437
17988,5493,0.9719970367902828
17988,6739,0.9132614478531771
17988,15415,0.9036027611677904
17988,16168,0.9341014789459843
17988,17232,0.9007833233363041
17988,912,0.9527325062384905
17988,1745,0.9625527767440497
17988,4836,0.9670145622279692
17988,2346,0.9434127764137705
18671,17309,0.9315712620532265
18671,7734,0.92594100463902
18671,6883,0.9634999346807516
18671,8055,0.9085043803022328
18802,7691,0.9002885057468903
18802,12483,0.9669067807232931
18802,5740,0.9368915614038197
18802,6401,0.9779878861857875
18802,11509,0.9263779350775853
18802,17896,0.9087463194337708
18802,18210,0.9552895422991647
18802,6326,0.9700280162452706
18802,7158,0.9172776442979707
18802,8728,0.9493378564287458
18802,13160,0.9253465511250244
18802,13558,0.988886162368139
18802,17722,0.9758820130882423
18802,14250,0.9065458132447741
18802,4655,0.9933048339969929
18802,6195,0.9729762374471478
18802,9819,0.9928437176897577
18802,13931,0.9510470014362183
18802,4102,0.9674205442625611
18802,14140,0.9342133634208223
18934,4448,0.9459733570814336
18934,5458,0.9348728180774445
18934,10000,0.9136290147622204
18934,1973,0.9365144362405037
18934,13473,0.9051501390146999
19365,12371,0.9080051723940663
19365,14338,0.9293736852298975
19365,15520,0.9105434720091194
19365,1024,0.9285102170529317
19683,19039,0.9280930267690927
19683,5458,0.9327361437135341
19683,18934,0.9218595693389381
19683,13349,0.908283286148907
19807,17222,0.9066933296688193
20004,9995,0.9076136435131524
20004,17778,0.9021268499994585
20004,15211,0.903160216274591
20004,3498,0.9046140616459263
20135,4010,0.9260933718044297
20135,18378,0.9202020439431267
20135,5493,0.9220298764972986
20135,1745,0.9102140386174881
20135,4836,0.9217667509313615
20135,20075,0.9305713715543433
20420,6359,0.9185970131894827
20420,10862,0.9467457627516548
20420,14227,0.9237727975783039
20420,18706,0.9224681119300663
20420,535,0.9260266775654482
20420,424,0.9167786988833685
20420,5836,0.9419814509392943
20420,16687,0.9106742469943491
20420,17652,0.9482795580860562
20420,18527,0.9032292661205308
20420,1865,0.9281076832075753
20654,6828,0.9330203499797775
20654,17328,0.9356651421640628
20654,4543,0.9275316020390143
20654,16859,0.9150474927361126
20654,12031,0.9177392664246392
20654,13730,0.9253086918153124
21038,6828,0.9153574000407472
21038,17328,0.9153875820728934
21038,4543,0.9077778211924724
21038,16859,0.9275165841048282
21187,9675,0.9640273672901717
21187,18753,0.9751785652745433
21187,19339,0.9334350043811351
21187,11938,0.944888409866015
21187,18260,0.9352754580198349
21187,13269,0.9435434926890862
21187,14763,0.9108217459304644
21187,10541,0.9357250851501541
21187,2896,0.9513663022693213
21187,1159,0.9591843636976641
21187,5338,0.9491919519848536
21187,13213,0.9250813418393996
21187,18488,0.9695140499814779
21316,15177,0.9227679121496982
21411,268,0.9684614808470138
21411,6495,0.9661626757762228
21411,8607,0.952445144991459
21411,5198,0.9539680985243258
21411,9369,0.9584847407182878
21411,11845,0.9356838101531216
21411,18026,0.9587076081184115
21411,6510,0.9444346663085414
21411,16401,0.9485401202083262
21411,17207,0.9464186551736481
21411,3117,0.9467616001305291
21411,12484,0.934528722432594
21566,3300,0.9136941042098568
21566,5866,0.9116509072902983
21566,18214,0.9121045034529759
21566,3957,0.917760203428327
21566,2938,0.9133241760284188
21566,19317,0.9141710990205107
