359,240,0.9694407435350118
493,464,0.9600404380920967
1324,772,0.9222615102396147
1438,170,0.9670937398961016
1438,735,0.9398651598687279
1745,912,0.9357958423954479
1765,1024,0.9316720720498659
2205,1774,0.9483971308997968
2205,891,0.9280984323509122
2473,845,0.9098292623765755
2473,1066,0.9334902059271691
3414,481,0.9346826693926786
3414,712,0.9584153159078755
3453,1477,0.9225178501718522
3600,481,0.9179464425882429
3600,712,0.9404109979783682
3600,3414,0.965927205300656
3627,669,0.9239183149156188
3872,2128,0.9776840710488139
3872,206,0.9205924338698466
3872,1084,0.9642366833570433
3872,3563,0.9502324404095921
3913,3016,0.9152645570862932
4119,3461,0.9544651123091976
4289,1106,0.9069742026136141
4289,586,0.9682075575463058
4289,4249,0.9475418807057785
4490,481,0.9463463278826892
4490,712,0.9349999919468572
4490,3414,0.964395438164584
4490,3600,0.9400550116296785
4655,4102,0.9681162257541387
4836,2828,0.9087816395038743
4836,4010,0.9862299054045138
4836,912,0.9338312359209971
4836,1745,0.9752828180775711
4836,2346,0.9595298172200493
4836,353,0.9070028772925592
4858,1106,0.9008759521578332
4858,4289,0.9857814081422744
4858,586,0.9522727180676037
4858,4249,0.9389940059351899
4873,2935,0.9117206863160727
4873,669,0.9503539217187472
4873,3627,0.9272298549778536
5494,2519,0.9142106128452556
5512,2441,0.9187304268199445
5549,4267,0.9370431214215684
5629,4880,0.9388225379190489
5629,2193,0.9738819555594751
5629,3063,0.9708971297263865
5629,4262,0.9299376490241529
5629,4288,0.9441950754286853
5629,4443,0.9707058622805588
5629,4970,0.9357955158032727
5688,1477,0.9724146119009721
5688,3453,0.9457371296952825
5688,847,0.9129372633053938
5808,3300,0.9220158882401016
5808,3957,0.9272950316322052
5808,1370,0.9310852096150626
6087,5504,0.9027514180584004
6087,4289,0.9149176202794076
6087,4858,0.9073230003440905
6243,3489,0.9201645561693232
6243,4651,0.9208355999459337
6265,425,0.946756686658027
6265,3798,0.9262779623075469
6508,895,0.9814084649766849
6508,3480,0.9657795577031336
6509,5790,0.9502274995013057
6510,268,0.947222617806503
6510,6495,0.9396178162721185
6510,5198,0.929139660238728
6510,3117,0.937567513144239
6850,4912,0.9130321441694115
6883,4851,0.9296903256405589
6947,6106,0.9228022518377464
6947,113,0.9578515118749298
6947,4186,0.9478380724425127
6999,4079,0.9014463171780855
6999,6213,0.9164537023176071
6999,493,0.9301873738718468
6999,1295,0.9262249871821018
6999,6473,0.9216182931885786
6999,464,0.9165103478558051
7133,4939,0.9097508447715815
7133,111,0.9880598023025817
7133,2908,0.9013584401391054
7133,6688,0.979824918604723
7133,185,0.9716600201518579
7133,1641,0.9937831701958916
7133,1970,0.9675163589930121
7524,5610,0.9654729462465317
7524,7456,0.9676612338768091
7524,142,0.9056299426351017
7524,798,0.9452941409032134
7524,5009,0.9153087098320133
7524,649,0.9327348714883732
7524,2767,0.9430770384879145
7524,3416,0.9703762937963835
7911,5557,0.9030242213863192
7955,1477,0.9342454978736284
7955,5688,0.9435115948024675
7955,6555,0.9208961841608873
8048,5757,0.9435839363832997
8048,1829,0.9516348002525924
8083,895,0.916187451789579
8083,7834,0.9214167929616273
8093,4880,0.9199324047502176
8093,2193,0.9691348916301981
8093,3063,0.9708461310317098
8093,4262,0.9200507483355554
8093,5629,0.9541154540001702
8093,4288,0.9573367649347433
8093,4443,0.9415928179340749
8093,4970,0.9339950131289405
8117,4289,0.9170278758857413
8117,4858,0.9028681939842249
8348,4289,0.9159265176133382
8348,4858,0.9149661956794932
8348,586,0.9008580829570504
8402,2128,0.9602780116923815
8402,5018,0.9289893919407416
8402,6091,0.9028317697014486
8402,3872,0.9459158254279759
8402,1084,0.9550828941890235
8402,3563,0.9155979622453196
8402,4021,0.9103784271425583
8402,6419,0.9135138305478095
8645,4909,0.9111125728298739
8645,7770,0.9195130777988652
8645,6462,0.9308102509666848
8838,1774,0.92633308877013
8838,2205,0.9404763203886335
8838,891,0.9036311579349028
8885,287,0.9423583342445286
8954,425,0.9681500715898768
8954,2556,0.9028919525330724
8954,6265,0.9218653723585472
8954,3798,0.9510881195257731
9230,425,0.9658587849639375
9230,2556,0.9188043808543538
9230,6265,0.9297299381332996
9230,8954,0.9488309783111394
9230,3798,0.9605615015926806
9348,6508,0.9056873050275046
9348,3480,0.9079113260468745
9587,6947,0.9171863854909946
9587,113,0.9139081868918121
9587,4186,0.9297016497753114
9812,1554,0.9340247161595343
9868,270,0.9627956923050598
9868,5798,0.915490342282617
9868,5317,0.9916956324984677
9868,5761,0.9680324728273544
9868,188,0.9404664920870056
9868,1814,0.9649137998768241
9868,1925,0.9451739826252189
9868,8227,0.9265518900099974
9868,3264,0.9662814507984419
9868,5202,0.9522248234166941
9868,5503,0.9679898786810278
9868,6406,0.9566834455371391
9868,5402,0.9606008782252868
9868,211,0.9126560714160064
10332,10112,0.9075995044758219
10332,1109,0.9067036804037885
10332,1247,0.9284029750092464
10332,1658,0.920159924161663
10332,7025,0.9165376316302534
10432,712,0.9112923097476497
10432,3414,0.9149780797120705
10541,9675,0.9397488474749551
10541,2896,0.9302150345922825
10541,1159,0.9221154866619722
10541,5338,0.9018897563070939
10664,4458,0.9009569311929656
10664,6007,0.9427843263441811
10664,1324,0.9489242216076164
10664,772,0.9169732266636329
10664,9888,0.9429229587351868
10664,5727,0.9226934334190231
10849,7356,0.9592951978389365
10849,9429,0.9636073659628531
10849,1319,0.9116531315742914
10849,5347,0.9287250624699579
11019,10596,0.9004088669575921
11019,5790,0.9423422418770689
11019,7198,0.9501577864081318
11019,6509,0.9392819784700059
11019,10963,0.9152968086124684
11329,5351,0.9438846767806817
11329,9573,0.9238228246415567
11329,5537,0.9268393720121156
11329,272,0.9193949345260916
11329,3018,0.9280371020470753
11329,5030,0.9069997354073855
11419,6508,0.9320914294697195
11419,895,0.9370522662180968
11419,3480,0.9120866841761958
11419,7834,0.9360193132865781
12415,4855,0.9385789812777026
12415,7636,0.9595662213418648
12415,2749,0.9496616957625423
12415,11433,0.9368592183603198
12415,1062,0.9090658982300166
12415,4133,0.9224654325035153
12415,9829,0.9541270268270178
12415,11013,0.9429439926059214
12415,40,0.9571869387133282
12415,10156,0.9148691634818651
12415,2698,0.9088673377920985
12415,3525,0.9544909986692289
12415,8174,0.9637151179849631
12415,11016,0.9700154698826757
12991,7988,0.9476783144371953
12991,4895,0.951287514787072
12991,12837,0.9036090300807689
12991,3461,0.9113705645725146
12991,4119,0.9364877023458663
12991,5849,0.9108785003759738
12991,8081,0.9247724957870764
12991,6624,0.9032115157988833
13237,4655,0.9016591158306778
13325,2128,0.9510936652137592
13325,5018,0.9355392646142986
13325,3872,0.9492876838540024
13325,8402,0.9133141416095705
13325,1084,0.9403538416861293
13325,3563,0.9517157004532059
13325,4021,0.9135000027741459
13325,6419,0.9086939739176181
13325,13050,0.907198745298998
13570,657,0.9463629859687966
13570,696,0.9202275324680754
13570,13009,0.9468836148364036
13570,2929,0.9141393413124247
13570,3220,0.9054893251867949
13570,6916,0.9093773448034655
13619,3300,0.9373261407649953
13619,5866,0.9238081999215187
13619,11291,0.9040627712769319
13619,3957,0.9423796475968744
13619,1370,0.9229214328239702
13619,3937,0.9157104206658592
13693,12562,0.9099016938095869
13693,11060,0.9082481563965173
13693,8092,0.9140834315949437
13723,1106,0.9010595633369535
13723,5504,0.9699843674126319
13723,4289,0.9918431622084274
13723,4858,0.985618379083916
13723,6087,0.9186617765322737
13723,8117,0.9094725465795346
13723,8348,0.9151797133473407
13723,586,0.9581423409015716
13723,4249,0.9469498088823669
13723,8091,0.908380903618517
13723,8562,0.9627107034922694
13723,12485,0.9672502054260725
13723,5110,0.9348601119124377
13723,10199,0.9751371238949689
13833,7988,0.9669375710893406
13833,9994,0.9231613252413898
13833,4895,0.9677386769037202
13833,10971,0.9009350450449921
13833,11429,0.9235097529464161
13833,12837,0.9000220693914829
13833,3461,0.9536544892400278
13833,4119,0.9619636227487396
13833,12991,0.9296351665089211
13833,5849,0.9455090232575628
13833,8081,0.9476772863654017
13833,6624,0.9070315088991532
13833,11482,0.9068765936859422
14365,4909,0.9154206766492181
14365,7973,0.9097719401290453
14365,9488,0.9140027755838963
14365,10436,0.900624239545318
14365,7770,0.9103336821304582
14365,12109,0.9190990095326707
14365,6462,0.9342096749175247
14524,13476,0.9065563775036923
14524,11818,0.9221045554361865
14716,5557,0.9026703439632908
14716,7911,0.9139124542531445
14716,13390,0.9085184731240272
14716,13755,0.9310758929734455
14716,2948,0.9039153153665745
14716,14656,0.9259865417177442
15211,502,0.9424686997352812
15211,9995,0.9885701227081534
15211,4605,0.9102829274860073
15211,1790,0.9877770548827359
15211,2314,0.9570072047651167
15211,323,0.927827557882042
15211,494,0.9513408874197207
15211,1409,0.9819918136252741
15211,3498,0.9885336236638474
15211,6291,0.9698131734543566
15211,9907,0.9483819129023316
15599,7945,0.9199838259751194
15667,5610,0.9445956974277185
15667,7456,0.9456710175544218
15667,9777,0.913062620062207
15667,7524,0.9202773220229885
15667,798,0.924667655980754
15667,9719,0.9147788740652001
15667,649,0.9029763129013679
15667,2767,0.9008992044061119
15667,3416,0.9550182209487635
15706,8812,0.9853709426961387
15706,13671,0.9686651915519832
15706,5549,0.936849608271705
15706,15470,0.9459937521648335
15706,4267,0.9799748321133166
15706,7777,0.9577752176210871
15706,9382,0.9759041641117291
15926,13067,0.929942716089521
15926,111,0.9514783021726795
15926,6688,0.942972769338237
15926,185,0.9339098353106168
15926,8692,0.9301241806054596
15926,7133,0.9578349073782504
15926,1641,0.95854829585729
15926,1970,0.9269488381489933
15926,8090,0.9295417045739284
15926,14931,0.9138168287298849
15927,14807,0.9072856414392049
15927,3772,0.9051388523873332
16334,16294,0.9463983123050437
16334,10727,0.9668810213572133
16334,8503,0.9448953957039007
16334,11156,0.9727501587810748
16334,14545,0.9495792411801753
16334,11673,0.9440698116901857
16334,14939,0.9737716439201745
16334,3913,0.9455498266127964
16334,3016,0.9329341588627043
16334,9747,0.9218044629091854
16334,11299,0.9340582198785565
16334,5698,0.9498467168940414
16334,8966,0.9545312561748976
16401,268,0.9511724367672462
16401,6495,0.9462672284167226
16401,8607,0.9411859173240068
16401,5198,0.9243016360736745
16401,9369,0.946109222880884
16401,11845,0.9272267210332807
16401,6510,0.9161796536780094
16401,3117,0.9460759159641681
16401,12484,0.9216203332889883
16677,4909,0.963934777511454
16677,9705,0.9514843051305077
16677,345,0.9579745774972406
16677,7973,0.9531251788730939
16677,9488,0.9730247610548756
16677,10436,0.9573431313538078
16677,15359,0.9785277324094012
16677,4548,0.95985490893458
16677,7770,0.9616117068054694
16677,13513,0.9293370676199013
16677,8645,0.9363859591308445
16677,14365,0.928249707946133
16677,4996,0.9363992118211443
16677,12109,0.9739198033122538
16677,13669,0.930442529759589
16677,15000,0.940398429246161
16677,1858,0.9572343817862502
16677,6462,0.9926421681349753
16755,481,0.9334443391235788
16755,15656,0.9319623667714604
16755,712,0.9212101473964901
16755,12498,0.9040557889862945
16755,3414,0.9663868224226798
16755,3600,0.9373701667504525
16755,4490,0.9277664396103956
16755,1160,0.9083618622282584
16895,6828,0.9545266795555447
16895,2790,0.9155739307085737
16895,4543,0.9489736815320928
16895,12233,0.9076557156651568
16895,4747,0.9045562818683632
16895,11560,0.9019084298134332
16895,16859,0.9284448394905404
16895,10581,0.9324715422955469
16895,12031,0.9362701728525966
16895,13730,0.9575516400091727
16985,3127,0.9065310769691723
16985,7148,0.9212892310636801
16985,2461,0.901985741973225
16985,2473,0.904949045341084
16985,845,0.9292041375570209
16985,1066,0.9444746639781086
16985,15881,0.9066334603177886
16985,3338,0.9187165634044363
17345,4880,0.9401093530056951
17345,2193,0.9680982545386215
17345,3063,0.9734893121235688
17345,4262,0.9207941912468013
17345,9101,0.9123597979549553
17345,9523,0.9514980260800023
17345,5629,0.9539553024853695
17345,8093,0.9259125904447287
17345,4288,0.946987596826088
17345,4443,0.9599976812832746
17345,4970,0.9376000246978995
17345,8593,0.960261353534155
17361,423,0.9242052512369766
17361,12605,0.9292035050212339
17361,6410,0.9413518191536405
17361,1422,0.9136875619978866
17361,14607,0.9397384739048016
17361,13399,0.9013748192675791
17361,6014,0.9311747235634744
17361,6154,0.9380329951865769
17361,9220,0.913446157657894
17361,5869,0.9544700434380506
17361,7445,0.9470348172376964
17361,11722,0.9316445783863483
17471,15569,0.9374560366325339
17471,5757,0.9641377641188101
17471,4579,0.9058928204556179
17471,8048,0.9213548743570072
17471,9150,0.9023082444697885
17471,1829,0.9657370879705252
17471,16897,0.9220243927437545
17882,4855,0.9334838481904747
17882,7636,0.9693625533027853
17882,16362,0.9011029358916623
17882,2749,0.9507318342440418
17882,11433,0.9488669743493786
17882,12415,0.9487734168293457
17882,1062,0.9147119546129373
17882,4133,0.9009845028994271
17882,9829,0.9530812763633392
17882,11013,0.934779159217378
17882,16425,0.9469758217384725
17882,40,0.9599297793616292
17882,10156,0.922864063071204
17882,2698,0.9207062444581734
17882,3525,0.9470457267001675
17882,8174,0.9538953119867747
17882,11016,0.9705566551419436
18335,9685,0.9586984982370195
18335,12700,0.9138095344812792
18335,7572,0.9288074904192817
18335,3001,0.9201964508139272
18335,6628,0.9111681713875613
18335,8423,0.9479489634286756
18335,3541,0.9211638584112529
18335,14281,0.9060970956521017
18685,3300,0.9653076443101462
18685,5866,0.9515672120496184
18685,11291,0.9411816645286337
18685,18214,0.9648153043050189
18685,15733,0.9478523967057121
18685,3957,0.9677665228123904
18685,13619,0.923422047987572
18685,1370,0.949250668878505
18685,2938,0.9096280601988543
18685,5333,0.9155247355399033
18685,17689,0.9094248628657585
18685,3937,0.9414942176933659
18849,13973,0.925916312158416
18966,4448,0.9147668451148143
18966,18934,0.9239808407197125
19057,3902,0.9646383098719271
19057,3450,0.9641697981293887
19057,9537,0.912788421925972
19057,10480,0.9457436775579846
19057,12628,0.9617745142908534
19057,14715,0.9416496268888601
19057,4439,0.9602465884712735
19057,15927,0.90259762913949
19057,6523,0.9712150672455919
19057,2460,0.9629739702149553
19057,11247,0.9437600090780538
19057,14807,0.9467678765833144
19057,7044,0.9827959043283441
19449,5869,0.9032866047381687
19449,19302,0.9176282432039554
19624,6313,0.924264379295684
19624,8098,0.9147843826110351
19624,14183,0.9162368958578596
19624,12047,0.9140134849000717
19624,10875,0.9100951881805737
19624,15393,0.9010237617771566
19624,18204,0.9164976963059577
19651,19412,0.9090212549554306
19651,4912,0.9159193816671652
19651,4526,0.9120522823502469
19651,16146,0.9107684319325496
19975,4289,0.9088234683406389
19975,4858,0.9191504809630469
19975,13723,0.913679658421712
19975,15458,0.9134017523358083
20081,7356,0.9623979711447204
20081,9429,0.9604390197420136
20081,14748,0.904575919912526
20081,19982,0.9605712257483279
20081,19298,0.9346278020194269
20081,5347,0.9006312709072231
20081,18867,0.9309310177665979
20081,10849,0.9345813519438692
20081,17677,0.9480717430927119
20081,19331,0.9535476952489482
20180,6213,0.9241039852330658
20180,493,0.9334421334758266
20180,1295,0.9332735631378557
20180,4752,0.9264384059697031
20180,6473,0.919997843803429
20260,7356,0.9538094103237007
20260,9429,0.9501438239170367
20260,14748,0.9003130193128784
20260,19982,0.9428462694614348
20260,18867,0.9305498198428617
20260,10849,0.9309229809498826
20260,20081,0.9157228615489807
20260,17677,0.9279017945337983
20260,19331,0.9236590863530647
20676,7988,0.9070865217774887
20676,4895,0.9067153455278426
20676,4119,0.9015541086305071
20676,17691,0.9178272301738397
20809,13402,0.9490493213793934
20860,15915,0.9893255685232808
20860,9234,0.9234761032857612
20860,10112,0.9653387290792583
20860,15201,0.9309687121413247
20860,1109,0.9630667427362274
20860,1247,0.9748052151196547
20860,1658,0.974658158757589
20860,7025,0.9752367198534324
20860,7508,0.9342021473876606
20860,11480,0.9057493460885896
20860,11981,0.9178451263124567
20860,319,0.9532938504005186
20860,10332,0.9331454332346557
20860,12099,0.9141208603434592
20860,7765,0.9331241174308113
20860,8239,0.9233033669006597
20860,10447,0.9666062672178971
20881,4010,0.9393069402695454
20881,10462,0.9078524814395934
20881,18378,0.9366927588575003
20881,5493,0.9419596744882945
20881,19979,0.9240578608695528
20881,17988,0.9337920676095703
20881,1745,0.9269169893699596
20881,4836,0.9491044015862997
20881,19031,0.9173499336718873
20881,20075,0.9419115625665057
20881,2346,0.9205876510955131
20987,3489,0.9464826087296465
20987,8732,0.9147626377700501
20987,16224,0.9368406340163766
20987,6243,0.9176181992285644
20987,412,0.9366856282955753
20987,8651,0.9224342030090541
20987,18533,0.9346263028176026
20987,19892,0.9058130963145472
20987,4651,0.9435944224404409
20987,19371,0.9339273309058831
21461,1438,0.9119922612516055
21461,170,0.9148795682427158
