798,142,0.9283333099646838
798,649,0.9264877822586516
1062,40,0.9231850685853492
1066,845,0.9519632358617959
1084,811,0.9013976290012099
1084,206,0.9184232564970148
1295,493,0.9950485664987554
1295,464,0.9604465047563325
1370,53,0.907220527649209
1409,502,0.9416183980407757
1409,1283,0.9127756306672449
1409,323,0.928121303325342
1409,494,0.9559726125085712
1641,111,0.9897598945924382
1641,185,0.9718836085464675
2421,166,0.9043536839030483
2938,1370,0.9290216235079555
3264,270,0.9520370396059398
3264,188,0.9322806288452506
3264,1814,0.9493627525190883
3264,1925,0.9359347345749688
3264,211,0.9144542815982117
3563,2128,0.9543993239755865
3563,1084,0.9516501640758622
3798,425,0.9715215125307065
3798,2556,0.9129802216156474
4021,2128,0.9360773285027998
4021,3872,0.9159816882912757
4021,1084,0.9380518813755913
4133,2749,0.9073671653414946
4133,40,0.9370170865967704
4133,3525,0.9155179613226838
4249,586,0.9391061489922997
4526,647,0.9223397957950845
4841,2739,0.9394376791930518
4996,4548,0.904873932373868
5009,649,0.9505108008407673
5009,3416,0.9256944048744127
5191,4912,0.9056751345650981
5202,270,0.9235997345130278
5202,188,0.906615469424631
5202,1814,0.9356208863341422
5202,3264,0.9387417790131058
5333,3300,0.9480428512417521
5333,3957,0.949198551661929
5333,1370,0.9254354764398993
5333,2938,0.9120584613454387
5333,3937,0.929993011686922
5383,4010,0.9037774029613092
5383,1745,0.9015155564652647
5477,2739,0.9168757205144671
5477,4841,0.9527216797007674
5503,270,0.9401252840199901
5503,5317,0.9675179541382262
5503,188,0.9193338901732429
5503,1814,0.9472426513844416
5503,1925,0.9209562281396321
5503,3264,0.9469893952351096
5503,5202,0.9295157431509
5503,5402,0.9400953839804853
5537,5351,0.9571310702898826
5537,272,0.922781763607495
5537,545,0.9089925010448912
5537,3018,0.914266674842522
5537,5030,0.9306625565412595
5836,535,0.947853548950953
5836,424,0.9557187806690881
5836,1108,0.9114346646323469
5836,1865,0.9750379779255042
5849,4895,0.958925728515221
5849,3461,0.9381043990886616
5849,4119,0.9556803895704449
6195,4655,0.976393913010983
6195,4102,0.9532911824244679
6406,270,0.9317587010552336
6406,5317,0.9628444439382593
6406,5761,0.9278645053564006
6406,188,0.928788668051972
6406,1814,0.9487916071930376
6406,1925,0.9246613559081865
6406,3264,0.9414544408861106
6406,5202,0.9150249051332312
6406,5503,0.9360914446248564
6406,5402,0.923620385892409
6419,2128,0.9423843552226647
6419,5018,0.9207605060031553
6419,3872,0.9268622370866416
6419,1084,0.9258327801974511
6419,3563,0.912716928424488
6523,3902,0.9394088619510614
6523,3450,0.9430194640088055
6523,4439,0.9315360227435958
6523,2460,0.9407658091244074
6555,1477,0.9564315007723544
6555,3453,0.9172424434869181
6555,5688,0.965791854793712
7571,2193,0.9048880488828759
7571,3063,0.914876719633003
8081,7988,0.9671182782341995
8081,4895,0.968685179599811
8081,3461,0.9480604441027121
8081,4119,0.9557622913063906
8081,5849,0.9424772192896524
8081,6624,0.913497344233123
8600,6508,0.9044745382431654
8600,895,0.9125597869417004
8600,7834,0.9118890798136138
8617,1477,0.9622649444543411
8617,3453,0.9232104094503871
8617,5688,0.9791930441033222
8617,7955,0.9281930414818219
8617,6555,0.9611084392309477
8651,3489,0.9466067749711696
8651,412,0.900026812342795
8651,4651,0.9409719276575474
8722,2651,0.9562792717567338
8722,7761,0.9067323227301464
8722,2421,0.9067567891478341
8722,166,0.9077879133821115
8948,3795,0.9393455473083439
8948,7903,0.9147624075411503
8948,4302,0.9291074148050988
8948,6187,0.9571103997333028
8948,4934,0.9006164428898186
9634,4205,0.9209165286998178
9634,3530,0.9212969766747735
9634,8446,0.912376706695076
9829,4855,0.9168695952186339
9829,7636,0.9580313968341131
9829,2749,0.9489643821163665
9829,1311,0.9155460279864498
9829,1062,0.9100094893160124
9829,4133,0.9101409709508185
9829,40,0.952276273779837
9829,2698,0.9027422321712604
9829,3525,0.9688806329696834
9829,8174,0.9512822778143356
9862,1774,0.9207151453865832
9862,2205,0.9279793433437155
9862,8838,0.9106066522672636
9862,891,0.9000089797916314
9917,6313,0.9361277634319217
9917,8098,0.9261782577218416
10550,3670,0.9113347325612027
10550,6775,0.9134502958819283
10550,4136,0.9450150638179011
10550,2044,0.9432840480873866
10550,359,0.9328139970247996
10550,240,0.9639932329972707
10550,1558,0.9514874932113998
10550,2631,0.943746843520717
10581,6828,0.9696351214685189
10581,2790,0.9305674661163938
10581,4363,0.9029573482085097
10581,4543,0.9592231901700872
10581,4747,0.9105438230279482
10827,2651,0.9628529473824191
10827,7761,0.9190523766899079
10827,10648,0.9431328388000059
10827,8722,0.9447670645885452
10827,9304,0.9187266442903907
10827,166,0.9244778033346789
10963,5790,0.9145497920985801
10963,7198,0.9246503510759284
10963,6509,0.9132346925010125
11013,4855,0.9242734245655122
11013,7636,0.9611418167751915
11013,2749,0.9538819630968832
11013,4133,0.9085323530204529
11013,9829,0.9296204830754744
11013,40,0.934984217015382
11013,10156,0.9117510315289712
11013,2698,0.9093738137665994
11013,3525,0.9516226421428106
11013,8174,0.9499117361305183
11125,10596,0.9174635801673314
11125,104,0.9051119501571989
11125,5790,0.9607313716916209
11125,7198,0.9709126605601316
11125,6509,0.9618885971533151
11125,11019,0.9636992314198901
11125,10963,0.9292614555710154
11555,10596,0.9219627812365685
11555,104,0.9320820208130138
11555,5790,0.9667294713822321
11555,7198,0.9771998693142122
11555,11500,0.9360911167060705
11555,6509,0.965761342557783
11555,8586,0.9088004243831113
11555,11019,0.9622817053180439
11555,10963,0.949936296182838
11555,11125,0.9824972993679723
11621,6007,0.980606941225293
11621,1324,0.9735804430528493
11621,10664,0.9549173601189479
11621,772,0.9364862486012404
11621,9888,0.9748339413645476
11621,5727,0.9475475194395543
11660,2651,0.9191119917534791
11660,7761,0.9000454000530174
11660,10648,0.9065928406292324
11660,10827,0.9075987779813185
11807,3406,0.9020470876337324
11807,1066,0.9227908502338368
11907,9565,0.9305728829603345
11907,1024,0.9353223415151655
11907,11264,0.9219467023237512
12031,6828,0.9753596197013726
12031,2790,0.9345393048571973
12031,4363,0.9076859937456748
12031,4543,0.9711370416757612
12031,11408,0.929385626948006
12031,4747,0.9082319483433532
12031,11560,0.9138349910581887
12031,10581,0.9551067641163922
12031,11065,0.9164586949943054
12047,6313,0.9667305797730874
12047,8098,0.9491282089004488
12047,10903,0.9472292876733459
12047,9917,0.9133883122696972
12047,10875,0.9519775305015106
12109,4909,0.9459431759597593
12109,9705,0.9284788966044569
12109,345,0.9382662082173848
12109,7973,0.9310072547206816
12109,9488,0.9485653121154656
12109,10436,0.9306285536892938
12109,4548,0.9390557309760728
12109,7770,0.9434864560842697
12109,8645,0.9106253898104899
12109,4996,0.9142409134467516
12109,1858,0.9406648223772964
12109,6462,0.9677180991543222
12585,270,0.948430687889026
12585,5798,0.9030420186759579
12585,5317,0.9780634853206183
12585,5761,0.9519996312573223
12585,188,0.9354093448298123
12585,1814,0.9536326396501658
12585,1925,0.931213615249553
12585,8227,0.9236334944802786
12585,10006,0.9538090220100168
12585,9868,0.9639752033479577
12585,3264,0.9624864041561825
12585,5202,0.939718445677131
12585,5503,0.9499386958671083
12585,6406,0.9435832219946307
12585,5402,0.9499484688820322
12585,211,0.9062065673900264
13050,2128,0.9593779221079564
13050,5018,0.9412830736199744
13050,3872,0.9424551865786195
13050,8402,0.9137038057907274
13050,1084,0.9372638967942686
13050,3563,0.9161567748345568
13050,6419,0.9125380762087159
13092,6313,0.9173059723450936
13092,8098,0.920597376969925
13177,8117,0.9042193587595554
13177,8562,0.9018142901537991
13340,5790,0.937040114835443
13340,7198,0.9425849611464194
13340,6509,0.9715902408282676
13340,11019,0.9166319395495363
13340,11125,0.9358748928039833
13340,11555,0.9427260793671413
13390,5557,0.9191063232289393
13390,7260,0.9066593544421848
13390,1008,0.9077820646112809
13390,5332,0.9286197610815824
13390,2948,0.9269941353870528
13399,423,0.9091989252364677
13399,12605,0.9021491752736743
13399,6410,0.9261930519141558
13399,1422,0.9071358601003109
13399,6014,0.9171553435365849
13399,6154,0.9015546759517313
13399,5869,0.9301929373975864
13399,7445,0.9322298329249981
13399,11722,0.9167703110449259
13487,425,0.9653857288214389
13487,11339,0.9048406037055082
13487,2556,0.905515084594903
13487,10198,0.9213282482262134
13487,6265,0.9234194211181589
13487,8954,0.935928769008673
13487,9230,0.9297714943712798
13487,3798,0.9499544911639598
13540,3300,0.9199110918316891
13540,5866,0.9073586614445134
13540,3957,0.9156796915674874
13669,4909,0.9276768939868898
13669,9705,0.9142111396769533
13669,345,0.9209968050089724
13669,7973,0.9014803006304976
13669,9488,0.9204393108759291
13669,10436,0.9069877256650761
13669,4548,0.9199572831429677
13669,7770,0.935057940111414
13669,12109,0.9164406114156213
13669,1858,0.9095903245225063
13669,6462,0.9397383869495131
13730,6828,0.9766307581837826
13730,2790,0.9325405402742568
13730,4363,0.9181630681912538
13730,4543,0.968508703647896
13730,11408,0.9186116999584992
13730,12233,0.9247246801144411
13730,4747,0.92102064495029
13730,11560,0.9193989941687981
13730,10581,0.9546954608953883
13730,12031,0.9575517668175362
13730,11065,0.9268410794516748
14075,9565,0.9057685254421757
14075,12371,0.9201840567481543
14075,1024,0.9329739891375921
14075,11264,0.9255125473111376
14075,11907,0.9095689083675635
14366,5691,0.9101779601342501
15000,4909,0.9420392933142134
15000,7973,0.920785363649069
15000,9488,0.9224024548733892
15000,10436,0.9286718048953044
15000,4548,0.9043187980370735
15000,7770,0.9223084269865883
15000,14365,0.9134220294710093
15000,12109,0.9095900232682136
15000,1858,0.920010122445919
15000,6462,0.9417143733466414
15458,5504,0.9723514859154083
15458,4289,0.9941558996236374
15458,4858,0.9876789065117229
15458,6087,0.9220547979070663
15458,8117,0.9119472294588195
15458,8348,0.9219283793813899
15458,13723,0.9895919200536577
15458,586,0.9642039751892721
15458,4249,0.9449222620093413
15458,8562,0.9642938077531379
15458,12485,0.9720698825367743
15458,14399,0.9132218359353393
15458,5110,0.9310379294829293
15458,10199,0.9743137092236309
15470,8812,0.9340113036352166
15470,13671,0.916861401793566
15470,4267,0.9189802877047
15470,7777,0.9058969003591402
15470,9382,0.9247656928855313
15596,5132,0.9022066189259947
15596,2519,0.9047909035467171
15881,3127,0.9015141426431559
15881,3406,0.9030767392576896
15881,7148,0.9146317926203804
15881,2461,0.9420100845181816
15881,845,0.9139606608036359
15881,1066,0.9298096369094556
15881,3338,0.9017061120249092
15976,8812,0.9738247254738556
15976,13671,0.9529055411095646
15976,5549,0.9223512977046906
15976,15706,0.9861168603757093
15976,15470,0.9417210245080836
15976,4267,0.96764627364801
15976,7777,0.950004303920594
15976,9382,0.9618288861484999
16082,11673,0.9005522746798577
16321,104,0.9176511431904555
16321,5790,0.9544535038001769
16321,7198,0.9707061975251121
16321,11500,0.9251249708735151
16321,6509,0.9483866340794707
16321,8586,0.9007034756950247
16321,11019,0.9538573105413422
16321,10963,0.9319892867825941
16321,11125,0.9768957087272078
16321,11555,0.9831940371150459
16321,13340,0.9240456392875559
16425,4855,0.9215136878747017
16425,7636,0.9685735308998821
16425,2749,0.9442101396923952
16425,11433,0.9363461372850427
16425,12415,0.9381930268898248
16425,4133,0.9205293101618551
16425,9829,0.9334759090392694
16425,11013,0.9446377198483312
16425,40,0.9579700225138401
16425,10156,0.9155817891812698
16425,2698,0.9267291169845064
16425,3525,0.9282294079480098
16425,8174,0.9519280351989411
16425,11016,0.9663230385085749
16687,12447,0.902536745622325
16687,10862,0.9448459295528139
16687,14227,0.9260073648989892
16687,535,0.9098120994077472
16687,424,0.9237777176150639
16687,5836,0.9447523687405546
16687,9848,0.9076057057467148
16687,1865,0.9412886615318818
16687,4284,0.9396244315839931
16944,481,0.9044895029458391
16944,15656,0.9269202383862254
16944,712,0.912803799751913
16944,3414,0.9607301078225179
16944,3600,0.9280771545712829
16944,4490,0.9396952608447501
16944,16755,0.9342391284273303
17207,268,0.9362688588051914
17207,6495,0.951839396976876
17207,8607,0.9362426976756446
17207,5198,0.9303801263788791
17207,9369,0.9450126634203896
17207,11845,0.935238624620381
17207,6510,0.9231188607214194
17207,16401,0.9404354393789316
17207,3117,0.9102085744012276
17264,15259,0.9179461163330006
17406,14393,0.93337167921429
17472,6438,0.9365984698125643
17652,17134,0.9138731998903645
17652,12447,0.9478562554019461
17652,6359,0.9448077601211333
17652,10862,0.993565483039589
17652,14227,0.9674687631084876
17652,535,0.9530735761343267
17652,13409,0.9326585472417174
17652,424,0.969392453988485
17652,1108,0.9154544646652426
17652,5836,0.9888404956119446
17652,16687,0.9495682845028344
17652,9848,0.9540697066784851
17652,17126,0.9603833951663184
17652,1865,0.9899275442277192
17673,16400,0.9619098295499241
17673,13402,0.912397210406251
17673,7781,0.961162628209933
17673,5353,0.9477350395967772
17673,14861,0.927304106776573
17673,15697,0.948165367637791
17673,5441,0.9341937718579199
17689,3300,0.9307329318158654
17689,5866,0.9294406228534838
17689,15733,0.9105038986247865
17689,3957,0.9341245332137083
17689,1370,0.9224311499914913
17689,3937,0.9106542698037262
17691,7988,0.9720728114721467
17691,9994,0.9303706096452427
17691,4895,0.9760184022341708
17691,10971,0.9280718539572068
17691,11429,0.9321841984085217
17691,16713,0.9494836525488904
17691,3461,0.9587912983152906
17691,4119,0.9597419793996156
17691,12991,0.9268507128782647
17691,13833,0.9572753471465272
17691,5849,0.9479639342630294
17691,8081,0.9374638111602218
17691,6624,0.9210352826986932
17784,4880,0.9111490981091949
17784,2193,0.9451963311829626
17784,3063,0.9436814168682978
17784,4262,0.908782559544487
17784,9523,0.9222459336220514
17784,5629,0.9413147866738548
17784,8093,0.9228349612307611
17784,17345,0.9289560672006032
17784,4288,0.9221570438888148
17784,4443,0.9300995200566103
17784,4970,0.9066823541973066
17784,8593,0.9375727265589037
17784,17668,0.9192563601232565
18056,17471,0.9167455752282421
18127,4136,0.9024437215702706
18127,2044,0.9139525280964952
18127,240,0.9191426927991245
18242,7198,0.9083017350200875
18325,6313,0.9133267298101684
18325,8098,0.9085756237430037
18325,14183,0.9027755193652494
18386,10727,0.9214401964077099
18386,11156,0.9276323352926774
18386,14545,0.9232699886651963
18386,11673,0.9146984328841682
18386,14939,0.9187306903905155
18386,16334,0.923355282907857
18386,12215,0.9026735545558704
18386,8966,0.9013001033275703
18643,502,0.9022836652571555
18643,9995,0.936089185017048
18643,15572,0.9176541652971685
18643,17778,0.9049302447582134
18643,1790,0.9433988518003796
18643,2314,0.9201694167829878
18643,15211,0.9254099804402766
18643,494,0.9190188990031289
18643,1409,0.9320779742542659
18643,3498,0.9361504580327873
18643,6291,0.9090897129803948
19001,1366,0.9146224418262668
19030,17490,0.9491316147125008
19030,1477,0.941924332397887
19030,10413,0.949405080756057
19030,11998,0.9432759873300617
19030,13106,0.9097381652410891
19030,3453,0.9116754187074143
19030,5688,0.9604739014423731
19030,7955,0.9716821497977364
19030,6555,0.9243446582560402
19030,8617,0.9395429758917255
19030,13155,0.9455972149009403
19031,4010,0.9648239756443371
19031,10462,0.9239348616815307
19031,18378,0.9667147324814218
19031,5493,0.9798054032877144
19031,6739,0.9048371112815353
19031,16168,0.9126019354256687
19031,17232,0.9203559279560476
19031,17988,0.9538032376720305
19031,912,0.9569612703129908
19031,1745,0.9685788807284912
19031,4836,0.9686694619488067
19031,2346,0.942784664437376
19151,17892,0.9010091701372202
19490,11498,0.9396797837967985
19490,11642,0.930312526305633
19490,18241,0.9234257692424852
19490,1782,0.9026747498149712
19490,287,0.9337915309496128
19490,9937,0.9345469058898485
19490,8885,0.9316692173404992
19490,13890,0.937867067880018
19491,18966,0.926424357789245
19734,5504,0.9419684194623502
19734,15504,0.9604636215528474
19734,4289,0.9655376080608282
19734,4858,0.9590817140839165
19734,13723,0.9659390785053641
19734,586,0.9323633657936591
19734,4249,0.9233657609515218
19734,15458,0.9658601464108469
19734,8562,0.934239328575251
19734,12485,0.9443198807454637
19734,14399,0.9110316758168587
19734,5110,0.9231723050354729
19734,10199,0.9449784133798474
19832,19484,0.903221366578307
19832,2948,0.9217363602562874
19832,14656,0.905283342054323
19906,425,0.9449633451614317
19906,2556,0.9050413552795841
19906,10198,0.9053475187944661
19906,13993,0.9244236439994804
19906,6265,0.9156578625356518
19906,8954,0.9130337585394565
19906,9230,0.9210652913839366
19906,3798,0.9277463260156389
19906,13487,0.9182508232369403
20059,17309,0.9239359266746451
20059,7734,0.9032012734058613
20059,19373,0.952023597990727
20059,18671,0.9271684392752296
20059,6883,0.949824047269212
20059,17101,0.904905389957668
20075,2828,0.9087950463311765
20075,4010,0.9896383347927575
20075,10462,0.9537532345506585
20075,18378,0.9880135940095213
20075,5493,0.9881798468071449
20075,6739,0.9312070724560648
20075,15415,0.913450268858806
20075,19979,0.9449357823181687
20075,16168,0.9404246926055183
20075,17232,0.923673151773721
20075,19755,0.9278068743607574
20075,17988,0.9697543335803903
20075,912,0.9363635042518943
20075,1745,0.9792210746974659
20075,4836,0.9895486715387259
20075,5383,0.9102208971936606
20075,19031,0.968244983798331
20075,2346,0.9653393144955789
20075,353,0.9133034742482317
20191,4909,0.9108650934390571
20191,345,0.9048331965324807
20191,7973,0.9506223628304306
20191,10436,0.9250092473269425
20191,15359,0.912760397382626
20191,4548,0.9020734698753045
20191,7770,0.9039017223279334
20191,16677,0.9374021266777843
20191,12109,0.9028519346469608
20191,15000,0.9063867769936644
20191,1858,0.9080677110046647
20191,19185,0.927781506377877
20191,6462,0.9363937378882484
20191,17273,0.9119630853813198
20733,481,0.9200639741443193
20733,15656,0.9287475377972768
20733,18085,0.9655152256353036
20733,712,0.9264193157719608
20733,12498,0.9003748797353213
20733,3414,0.9575026003875784
20733,3600,0.9435538016534999
20733,4490,0.946823642548414
20733,16755,0.9367903423738964
20733,16944,0.9523666672620439
20839,8625,0.9145535015019506
20839,19660,0.9237930877729226
20839,1774,0.9471447806709443
20839,2205,0.9498329682056466
20839,8838,0.9597374873868788
20839,9862,0.9273123549696055
20839,891,0.9192225952812194
20839,19865,0.9493846087637751
20982,9995,0.9301260754901752
20982,17778,0.9095889565283897
20982,1790,0.931516050030046
20982,15211,0.921988113151754
20982,494,0.9079885260449776
20982,1409,0.9250500576240193
20982,3498,0.9268532632898997
20982,6291,0.9131863250636206
20982,9907,0.9079821765452608
20986,7356,0.9134293809076098
20986,9429,0.9131625972370508
20986,19982,0.9094589897128061
21182,7356,0.9730426385426514
21182,9429,0.967987245184093
21182,19982,0.9585642814459437
21182,1319,0.9082125606682977
21182,19298,0.9471751805854487
21182,5347,0.900318304872915
21182,18867,0.9373632793230335
21182,10849,0.9384164018800266
21182,20081,0.9411568759152054
21182,20260,0.9261681067180315
21182,17677,0.9573110003679125
21182,19331,0.9402311579933115
21182,20526,0.9270652271746777
