545,272,0.9124548252078813
1858,345,0.9282370497865012
1970,111,0.9560395055298785
1970,185,0.9436515124473994
1970,1641,0.961290316312613
2346,1745,0.9520499976234577
2633,168,0.9534549430826288
2633,1560,0.926348100310586
2688,113,0.9104755428498535
2896,1159,0.9458620529550897
2929,657,0.9571832138346243
2929,696,0.9306430502661287
3113,1394,0.905563824147899
3113,143,0.9146406470046402
3220,657,0.9247292109435996
3220,2929,0.9114247864846806
3253,2519,0.9287267140750571
3338,3127,0.9251805000527464
3338,2461,0.9230076545269574
3338,2473,0.9014342502122125
3338,845,0.9601384697861366
3338,1066,0.9445428885797952
3498,502,0.9462014673138384
3498,1283,0.9058797170814384
3498,1790,0.9944547549066881
3498,2314,0.9658183868950274
3498,323,0.9320576571477504
3498,494,0.9622525004189973
3498,1409,0.9897079222336972
3672,1438,0.9328429902919491
3672,170,0.9155455147376669
3672,735,0.9001499076369159
3937,3300,0.9684816505173295
3937,1370,0.952602348708746
3937,2938,0.9131625377867469
4288,2193,0.9650846522984361
4288,3063,0.9659813749182756
4288,4262,0.9171575594069366
4443,2193,0.9815047012201502
4443,3063,0.9787180928445665
4443,4262,0.9238252115531246
4443,4288,0.955005831122353
4752,493,0.9391000396472908
4752,1295,0.9385003532032297
4752,464,0.9071377616920312
4918,2948,0.9118584982505622
4934,3795,0.9269693903195847
4934,4302,0.9082150216935827
4945,3176,0.9835020519062009
4945,866,0.9475358219150425
5402,270,0.9397330105721369
5402,5317,0.9626296747999562
5402,188,0.9251764526635657
5402,1814,0.9380283844500205
5402,1925,0.9187520475486441
5402,3264,0.948290851650786
5402,5202,0.9298082181689656
5645,657,0.9166759103948163
5680,2935,0.9230086273752294
5680,669,0.9685922719933842
5680,3627,0.9402394502963379
5680,4873,0.9653588590487066
5680,5044,0.9516257708993586
6014,423,0.9441828924986408
6014,1422,0.9076215474401587
6014,4516,0.9160553382540755
6014,5869,0.9762561779202654
6126,423,0.9108557546990893
6126,6014,0.9291751744881455
6126,5869,0.9416961596772182
6154,423,0.9389440908678622
6154,1422,0.9077962371203133
6154,6014,0.9613048972726342
6154,6126,0.9168194849757038
6154,5869,0.9721436581799456
6473,4079,0.9429923273360328
6473,6213,0.9650087769866584
6473,493,0.9864004373926145
6473,1295,0.9874257426303
6473,4752,0.9350342819293186
6473,464,0.9533624640199907
6612,5332,0.9198131827167171
6612,2948,0.9082221527291395
6632,1534,0.9119628918838241
6632,2095,0.9549707735524576
6632,6583,0.9189039021083826
6632,1394,0.9589273692749029
6632,5126,0.9209374922888922
6632,3113,0.930275430719014
6632,143,0.9756475903969819
6815,1560,0.9088735334901182
6860,4591,0.9364880763740334
6860,2633,0.9131822253154764
6916,657,0.9604029074990967
6916,696,0.9242413669191117
6916,5825,0.9193303858380966
6916,2929,0.9257486021676542
6916,3220,0.9098508025284344
6916,5645,0.9162923865802751
7110,1438,0.976112596373239
7110,3672,0.9198244909031005
7110,170,0.9535372334862657
7110,735,0.9276145630489155
7476,984,0.9064439413031412
7765,1109,0.9148673044825979
7765,1247,0.9243827376056873
7765,1658,0.9199033690856032
7765,7025,0.9193851840897279
7765,7508,0.911205361487665
7765,319,0.9128046533786884
8090,111,0.9584258944324007
8090,6688,0.9454577926347174
8090,185,0.9465634682753161
8090,7133,0.96195462919901
8090,1641,0.9688643027710976
8090,1970,0.942492686954788
8092,5509,0.9403951283325284
8092,2261,0.9866004216923605
8092,5711,0.9135683009084249
8092,5388,0.969109287009006
8092,159,0.9127386961422453
8092,2835,0.9034728547487493
8239,1109,0.9005651762043421
8239,1247,0.9369293426115861
8239,1658,0.909372567625034
8239,7025,0.9049453399802861
8423,7572,0.9633599755594968
8423,3001,0.9656904358616658
8423,3142,0.9035471990402056
8423,6628,0.9649759485235407
8423,3541,0.9589006872813649
8562,5504,0.9516334581513749
8562,4289,0.9642480452456118
8562,4858,0.9568349761716681
8562,8117,0.955233219508556
8562,586,0.9322801412451095
8562,4249,0.919073041980753
8562,5110,0.9158591055100145
8764,3652,0.9315300569178543
8764,7582,0.9584511924912604
9035,7582,0.90214702453539
9035,8764,0.9431536099030593
9150,5757,0.9271965960858158
9150,4579,0.925157201524903
9150,1829,0.9204136126910696
9220,423,0.9220117013845206
9220,6410,0.9434455703984899
9220,6014,0.9281456465908482
9220,6126,0.9332227892771662
9220,6154,0.9329041736085363
9220,5869,0.9500054169046541
9220,7445,0.9479998666783226
9304,2651,0.9347686188013214
9304,8722,0.9185222566069305
9304,166,0.9049127857598438
9503,6508,0.9282022042615964
9503,895,0.9433599976303704
9503,3480,0.904140930858761
9503,7834,0.930577046840417
9719,5610,0.9647191551850324
9719,7456,0.9697635717434324
9719,7524,0.9451887634544648
9719,142,0.9130864306226899
9719,798,0.9449856580939192
9719,5009,0.9037282304044728
9719,649,0.9301833240460433
9719,2767,0.9392751632720951
9719,3416,0.9698601410174991
9719,7673,0.9018635712206254
9747,8503,0.9165354469930979
9747,3016,0.9073327655196801
9747,5698,0.9003178884861603
9747,8966,0.9370993269884184
9819,5740,0.9175893827368542
9819,6401,0.9753487585403919
9819,6326,0.9685160395810594
9819,7158,0.9165006358809781
9819,8728,0.9417830469809474
9819,4655,0.9917673361823934
9819,6195,0.9756246990841793
9819,4102,0.9627289990244712
9848,6359,0.9096478490816092
9848,535,0.9114096533787859
9848,424,0.9209026984605987
9848,5836,0.9518520464863148
9848,1865,0.9507003266854317
9888,6007,0.9681788560394317
9888,1324,0.9676777352335595
9888,772,0.9351629383772161
9888,5727,0.9463907603303036
9943,3652,0.9271571131816988
9943,7582,0.9607313316667172
9943,8764,0.9887657551248473
9943,9035,0.9450595636589025
9974,6285,0.9551608791405128
9974,3176,0.9831190830426146
9974,7024,0.9018724598039851
9974,866,0.9497853240470714
9974,4945,0.9903555965632688
10156,7636,0.9435960827329122
10156,2749,0.9108855375943948
10156,40,0.9327644531637035
10156,3525,0.9195902075228655
10156,8174,0.9289395770135342
10447,9234,0.9074079211955922
10447,10112,0.9433728456130277
10447,1109,0.9384455809376004
10447,1247,0.9504397850891203
10447,1658,0.9504459559019865
10447,7025,0.9543001598124184
10447,7508,0.926238957743392
10447,319,0.9281213288222115
10447,7765,0.9181269418682085
10447,8239,0.9069624712865816
10875,6313,0.9602315999651994
10875,8098,0.955365147020076
10875,9917,0.908673117193012
11065,6828,0.9371696839419799
11065,4543,0.9319325504237868
11065,10581,0.905401082131653
11247,3450,0.9141371929226291
11247,4439,0.9167066030316962
11247,6523,0.9322039724713582
11247,2460,0.9226725849904105
11247,7044,0.9401195488740199
11299,10727,0.937563653098747
11299,8503,0.9156685490417668
11299,11156,0.938725374696586
11299,3913,0.9406241728586558
11299,5698,0.9117784508641447
11299,8966,0.9046373195484423
11862,3795,0.9532411180574717
11862,7903,0.9382110597873684
11862,4302,0.9489656594586444
11862,6187,0.9652504247585969
11862,8948,0.9389495644402247
11862,6531,0.9309058569068401
12013,8452,0.9452156244098084
12485,5504,0.9705358657285376
12485,4289,0.9694667868119228
12485,4858,0.9583073111191668
12485,6087,0.900780117228498
12485,586,0.9496052530736915
12485,4249,0.9340416771304966
12485,8562,0.942754711910979
12485,5110,0.9094300476980642
12485,10199,0.9521030280496696
13155,1477,0.9613853828206484
13155,10413,0.9694762061745542
13155,11998,0.9740326165401164
13155,13106,0.9317548056879008
13155,3453,0.9389031346898146
13155,5688,0.9810335470258028
13155,7955,0.9481754199190334
13155,6555,0.9556559128511276
13155,8617,0.9688565834586302
13283,3414,0.9058278008829005
13755,5557,0.908616068033983
13755,7911,0.9388506128628187
13755,1008,0.9011472942265149
13755,13390,0.9055583901163836
13755,2948,0.9166176300263478
13890,11498,0.9377015380454068
13890,11642,0.9309559209299212
13890,1782,0.9218877600390262
13890,287,0.9504890412454597
13890,9937,0.9390849497567249
13890,8885,0.9369892363197373
13931,12483,0.9319707614410313
13931,6401,0.9400723014232673
13931,6326,0.9279787018688126
13931,8728,0.9362146780079037
13931,13558,0.943090739300294
13931,4655,0.9553522528098567
13931,6195,0.9335012465417293
13931,9819,0.951089894861794
13931,4102,0.9236166525133823
14095,9565,0.9099426620358289
14095,12371,0.9227901839979171
14095,1024,0.924963732016776
14095,11264,0.9198434438638847
14095,11907,0.9202549474231863
14277,9100,0.9438541020253829
14277,669,0.9546196197915007
14277,3627,0.9164693783962257
14277,4873,0.9425524335763473
14277,5680,0.9613612758323761
14277,5044,0.9319742287737095
14399,4289,0.9239468372992337
14399,4858,0.9180635044396656
14399,13723,0.9207707164171038
14399,10199,0.906480516957356
14488,3795,0.9631012580684536
14488,7903,0.9291417873890381
14488,12891,0.9389648204803674
14488,4302,0.9502264959104584
14488,6187,0.9604994242192141
14488,8948,0.9207811818385387
14488,4934,0.9027920877123475
14488,11862,0.9501726463208859
14488,6531,0.9268524254277054
14807,3902,0.9122505196759165
14807,3450,0.917211652300369
14807,12628,0.9040167264906683
14807,14715,0.9054129234868518
14807,4439,0.9115021803995382
14807,6523,0.9243226276847649
14807,2460,0.9175458330930866
14807,11247,0.9042608827673669
14807,7044,0.9418772702579341
14860,6508,0.9180677008376266
14860,895,0.925410013098136
14860,3480,0.9136613258181174
14860,7834,0.9222828607040522
14931,13067,0.9014046605491773
14931,111,0.9148158798382676
14931,185,0.9001430555431433
14931,8692,0.9351848423860127
14931,7133,0.9191438216933691
14931,1641,0.9135963585429991
14931,2309,0.9135686648514048
15299,6362,0.9044485031171807
15299,6674,0.9755588406404283
15299,9591,0.978125647201296
15299,9722,0.9749351443270012
15299,4841,0.9399128394885089
15299,5477,0.950757619249533
15299,7532,0.9285003420604256
15393,6313,0.9509224675587908
15393,8098,0.948126747572068
15393,10903,0.9148028461153479
15393,14183,0.9296679767662557
15393,9917,0.91876942003419
15393,12047,0.9364277394513064
15393,13092,0.9132447298866528
15393,10875,0.9385717089489353
15549,3127,0.9079057389115758
15549,7148,0.9167415749277401
15549,845,0.9099764263713378
15549,1066,0.9070876545752466
15697,13402,0.9033660268732108
15697,7781,0.9244100961105014
15697,5353,0.9281315779903099
15697,5441,0.9129678383203941
15972,13122,0.9075867983000944
15972,4591,0.9629802326106985
15972,5840,0.9538325669486403
15972,6121,0.9111889782300002
15972,10711,0.9424023553424953
15972,168,0.9221172333700961
15972,1560,0.9013824926750209
15972,2633,0.9599850421618363
15972,11414,0.9559402546808721
16080,11688,0.9467606175053986
16080,13067,0.9209954738024839
16080,111,0.9500199903811072
16080,6688,0.9439051101849036
16080,185,0.9347846560614173
16080,7133,0.9528637879692148
16080,15926,0.9261712017374963
16080,1641,0.951489071313921
16080,1970,0.9398703877411775
16080,8090,0.9206721748816846
16115,2651,0.974193970622121
16115,7761,0.9426957566218034
16115,15374,0.9211635160828467
16115,10648,0.9577383952331642
16115,2421,0.9337164326490844
16115,8722,0.9611021404157375
16115,10827,0.9533412892286532
16115,11660,0.920247144767032
16115,193,0.9045028703345678
16115,9304,0.9327299312715436
16115,166,0.9483238820259687
16372,3795,0.9355358311319208
16372,7903,0.9323455198157041
16372,12891,0.9494556713223321
16372,14570,0.9561175587312049
16372,4302,0.9412285202850547
16372,6187,0.9639563178088444
16372,8948,0.9310142775354919
16372,4934,0.9006307833617015
16372,11862,0.9447505256870918
16372,14488,0.9295974586552471
16372,6531,0.9230148125534355
16499,6674,0.9504193603845827
16499,9591,0.9480298075753313
16499,9722,0.9495201009815507
16499,4841,0.9326399223634707
16499,5477,0.9495611482919146
16499,15299,0.9321945401214108
16499,7532,0.913749517315033
16735,5192,0.9068133371385
16735,5132,0.9195992326686058
16735,11568,0.970372806878689
16735,13417,0.9036855468367276
16735,8330,0.9468161962610031
16735,1867,0.945535240834664
16735,3253,0.900516905691451
16735,2519,0.969515566535374
16735,10564,0.9185651556301319
16735,15823,0.9401341147272336
16784,9995,0.919822416987043
16784,15572,0.9147971465417265
16784,1790,0.927564703429568
16784,15211,0.9170172818958497
16784,1409,0.9060300400352704
16784,3498,0.9228031264982356
16784,6291,0.9028469729180364
16799,8812,0.979023248067125
16799,13671,0.9562736910734695
16799,5549,0.9422605406099578
16799,15706,0.98638727264345
16799,15470,0.9258913552569028
16799,15976,0.9786067093169858
16799,4267,0.9777854617646469
16799,7777,0.9498223861548649
16799,9382,0.9652394207881179
17126,12447,0.910913402503221
17126,6359,0.904567864121392
17126,10862,0.9561664116839876
17126,14227,0.9354328160740891
17126,535,0.9142527965197
17126,13409,0.9005576994821801
17126,424,0.9268351218579077
17126,5836,0.947927493421615
17126,16687,0.9130574013803409
17126,9848,0.92457196504438
17126,1865,0.9600580523177408
17736,8189,0.9576022975225378
17892,12011,0.9049408621648812
17892,13789,0.9252168706866613
17892,6106,0.93900532118757
17892,12279,0.9716491283504045
17892,14339,0.961085592876174
17892,17071,0.9877411785690322
17892,6947,0.9601398439751327
17892,9587,0.942905998442584
17892,113,0.9765581605164909
17892,4186,0.9773093621166453
18177,13122,0.9008012122661515
18177,4591,0.9601237516060901
18177,5840,0.9377701404601951
18177,6121,0.92614812829139
18177,10711,0.9135783193950088
18177,168,0.9402997021006398
18177,1560,0.9079855323882275
18177,2633,0.9527626509718385
18177,15972,0.9495391192821441
18177,11414,0.9547752297875707
18405,17053,0.9184355099047542
18405,6674,0.9437742689037756
18405,9591,0.9500488513642085
18405,9722,0.9465923331008796
18405,4841,0.9307472811055679
18405,5477,0.9293186422910678
18405,15299,0.9326156676011229
18527,6359,0.9066006331017942
18527,10862,0.9475973023858907
18527,14227,0.9133110811168298
18527,535,0.9184591041270387
18527,424,0.9380455726281677
18527,5836,0.9424222331639305
18527,17652,0.9495646524393258
18527,9848,0.908326257281312
18527,1865,0.9477841819981271
18533,3489,0.9449461713204275
18533,16224,0.9349228079440898
18533,6243,0.9281039511219105
18533,412,0.925448878473201
18533,8651,0.9132510718362474
18533,1010,0.9020662701773094
18533,4651,0.9381270179428322
18543,4591,0.9410427864572357
18543,5840,0.9391317744422423
18543,10711,0.9114547270974269
18543,168,0.9378465886106113
18543,2633,0.9415002861156538
18543,15972,0.9161069906844709
18543,18177,0.9158518034447422
18543,11414,0.9323915331977185
18784,4855,0.9227856228498554
18784,7636,0.9651095290085507
18784,2749,0.9496122081492012
18784,18673,0.92895754096127
18784,11433,0.9424752687519055
18784,12415,0.9448269590018831
18784,17882,0.9559536380234726
18784,1062,0.9008546438346734
18784,4133,0.9082671879866027
18784,9829,0.9424084520529644
18784,11013,0.9342427725733945
18784,16425,0.9678705892731985
18784,40,0.9577173314505034
18784,10156,0.918231761902895
18784,2698,0.9260379678618766
18784,3525,0.9369522236810794
18784,8174,0.9565782825636897
18784,11016,0.9685827638847163
18978,11435,0.9098298008663867
18978,16369,0.9225068548675195
18978,5610,0.9727547339192131
18978,7456,0.9729615122701837
18978,9777,0.9339668745909088
18978,7524,0.9496480675131651
18978,15667,0.9127159216021553
18978,142,0.9191254525776106
18978,798,0.9506614052389593
18978,5009,0.9043279328408185
18978,9719,0.9424031299785717
18978,649,0.9316140556952206
18978,2767,0.9322503041048757
18978,3416,0.9702169607651949
18978,16502,0.9545616386761769
18998,12011,0.9000936502651224
18998,13789,0.9171754224188489
18998,6106,0.9374739156378573
18998,12279,0.9602123194475091
18998,14339,0.9611000084921636
18998,17071,0.9817089015410612
18998,6947,0.9506261736190951
18998,9587,0.9102325857869339
18998,113,0.9656382684736372
18998,17892,0.9665663961497075
18998,4186,0.9752334535706559
19185,4909,0.9563155930528764
19185,9705,0.9270995099303055
19185,345,0.9508475288234121
19185,7973,0.9385573824767567
19185,9488,0.9565970203472598
19185,10436,0.954867342663085
19185,15359,0.9673412089420566
19185,4548,0.9500401880405802
19185,7770,0.9531995606062291
19185,13513,0.9183835105853349
19185,8645,0.9218279679100507
19185,14365,0.9193092859685766
19185,16677,0.9831189905803526
19185,4996,0.9283921034331957
19185,12109,0.9565506873954942
19185,13669,0.9236096148450887
19185,15000,0.925632209479215
19185,1858,0.946522571265252
19185,6462,0.9814593807027584
19185,17273,0.9555306692279096
19654,5192,0.9050572557475587
19654,5132,0.9236103148152731
19654,11568,0.9579991536319912
19654,13417,0.9205992375373868
19654,8330,0.9327453195854242
19654,1867,0.9300561020723883
19654,16735,0.9418106747318731
19654,2519,0.9520724071154139
19654,10564,0.953166339389894
19654,15823,0.9194574292547775
19875,9184,0.9084637086994548
19892,3489,0.9190118795862193
19892,16224,0.9119549220372659
19892,412,0.9078714806162672
19892,18533,0.9044397289180577
19892,4651,0.9112281941453271
19892,19371,0.9218181093195315
20107,8996,0.9631097603647414
20107,17449,0.9407996619861364
20107,1534,0.9135378032464064
20107,2095,0.9558281982657317
20107,6583,0.9166780848307279
20107,1394,0.9614577781094582
20107,5126,0.9326596025066337
20107,8050,0.9532945685587094
20107,9507,0.941408803324972
20107,3113,0.9273682261207278
20107,6632,0.9934285664570586
20107,143,0.9744134507717074
20107,8400,0.9878924597786551
20107,9654,0.9701193312136348
20107,18900,0.96245610431828
20129,1438,0.9155093731351792
20129,735,0.9174136688261496
20129,15605,0.9035412537983029
20333,8812,0.910628507833203
20333,5549,0.9223316666310754
20333,15706,0.9266487354616175
20333,15976,0.933131295148442
20333,16799,0.9366485417402058
20333,4267,0.9203618413451081
20333,9382,0.911620124169686
20693,16369,0.9249247575485264
20693,5610,0.9460816859350907
20693,7456,0.9561373419070445
20693,9777,0.9313455807871209
20693,7524,0.9196105329686841
20693,15667,0.900768319670792
20693,798,0.9209206714186555
20693,9719,0.924273034899592
20693,18978,0.9191047699584985
20693,649,0.9102301806957672
20693,2767,0.9158724023482576
20693,3416,0.9504789406675769
20693,16502,0.948950241351126
20693,20691,0.9419097019176689
20734,19484,0.9004315110755506
20820,9685,0.9639861407002452
20820,12700,0.976092011148532
20820,13460,0.940291009910033
20820,19581,0.9460541635003128
20820,19791,0.9190576415054369
20820,7572,0.9439314245521533
20820,3001,0.9611642353750448
20820,17737,0.9372478405865977
20820,18920,0.9075050707452796
20820,6628,0.9614241745390568
20820,15639,0.9078474806952546
20820,18335,0.9416359571705943
20820,1419,0.9062035046293835
20820,8423,0.9904358566779203
20820,3541,0.9475609438164099
20820,14281,0.9528618067745142
20901,5610,0.9268305971872417
20901,7456,0.9323367897996742
20901,7524,0.9241103227342999
20901,798,0.9038523303529884
20901,18978,0.903807323030419
20901,20693,0.9139457610797475
20901,3416,0.9298914730691944
20901,16502,0.9181711140476359
20901,20691,0.924225255590173
21102,19039,0.9169271938745656
21102,18934,0.9077298827746078
21123,4284,0.9182786203433337
21145,7988,0.9191131714430447
21145,4895,0.9172909805232632
21145,16713,0.910447782504762
21145,4119,0.9081425605264026
21145,8081,0.9054057540908509
21492,490,0.9002985937413382
21492,4448,0.957407185086204
21492,19039,0.9886851597758681
21492,38,0.9004481201556622
21492,5458,0.9452601557456777
21492,18934,0.979695701426658
21492,19683,0.9271236604833704
21492,18966,0.9346146356148285
21492,10000,0.9099889783873755
21492,21102,0.9208809336484425
21492,1973,0.958379287057365
21492,13473,0.9170152114207867
