735,170,0.9051961852329506
1521,1370,0.902586553827729
1558,359,0.9248400149912049
1558,240,0.9576013944435184
1865,535,0.9511783292334567
1865,424,0.9656538093231426
1865,1108,0.906530534514437
2519,1867,0.9621889676666849
2519,456,0.9070726102526829
2631,2044,0.9270147189635917
2631,359,0.9310826029849162
2631,240,0.9645270263290584
2631,1558,0.9361084220195329
2698,40,0.9295216117838846
2767,142,0.9143227688878341
2767,798,0.9329691581485478
2767,649,0.9278208040442226
2948,1008,0.927341564514074
3117,268,0.94448494872129
3416,142,0.9354758447772613
3416,798,0.972808559689593
3416,649,0.9557852511907166
3416,2767,0.9610524178281523
3480,895,0.9699706483968921
3525,2749,0.9448381023534513
3525,1062,0.9028512579849586
3525,40,0.952276273779837
3525,2698,0.9045197238375088
3541,3001,0.9171638493986705
3609,2032,0.9153690342030225
4186,113,0.978439067836031
4304,3489,0.9069869003497122
4651,3489,0.9510792543833378
4651,412,0.9349939189008294
4970,4880,0.9212805758221968
4970,2193,0.955596988406176
4970,3063,0.957741417102171
4970,4262,0.9230358352146961
4970,4288,0.9223012078895708
4970,4443,0.9462303756921635
5030,272,0.9140249958651814
5030,545,0.9126085916505794
5030,3018,0.9107630230934024
5044,669,0.9333832043528042
5044,4873,0.9382485330963333
5110,4289,0.9342617491263977
5110,4858,0.9342140605798078
5110,586,0.9023324100010673
5110,4249,0.9036979445824513
5338,2896,0.9326954859547862
5338,1159,0.9394740320153835
5698,3913,0.9375243488353409
5698,3016,0.9205213556075477
5727,1324,0.9428573294397754
5727,772,0.9210198052107983
5869,423,0.9623243835789235
5869,1422,0.9407518920650757
5869,4516,0.9140919134466652
5869,2282,0.9122357579582033
6291,502,0.9350418105015088
6291,1283,0.9002626351532134
6291,4605,0.9125877142338051
6291,1790,0.979177741532212
6291,2314,0.9386376013319212
6291,323,0.9075463246127677
6291,494,0.9512968522994881
6291,1409,0.97276521734246
6291,3498,0.9783470301423864
6462,4909,0.9612468619020177
6462,345,0.9574442022381733
6462,4548,0.9591054381297683
6462,4996,0.9309780910869514
6462,1858,0.9618581695197632
6531,3795,0.932972540536641
6531,4302,0.9306904903928656
6531,6187,0.9509313583613267
6624,4895,0.9326963271325792
6624,3461,0.9143806897561838
6624,4119,0.9305102611512146
6624,5849,0.9054898449426395
7044,3902,0.9591122046935583
7044,3450,0.9627637606479884
7044,4439,0.9537008302631779
7044,6523,0.9576479829887701
7044,2460,0.9568251532010501
7079,4912,0.9037177897734082
7445,423,0.9585921820937334
7445,6410,0.9834721943232649
7445,1422,0.9374501733295819
7445,2129,0.9018511669161288
7445,4516,0.9091723191387797
7445,2282,0.9108627736669734
7445,6014,0.9739955578318766
7445,6126,0.9426971525655827
7445,6154,0.9683086545404483
7445,5869,0.9903082633718587
7532,6674,0.949818127141184
7532,4841,0.9298903952472489
7532,5477,0.9332656905532448
7673,5610,0.9031355743294116
7673,7456,0.9032966034040348
7673,3416,0.9033115619667895
7777,5549,0.9168096918037046
7777,4267,0.9423343178850607
7834,6508,0.9782811521745501
7834,895,0.9908927769455165
7834,3480,0.9676174002559602
7945,3300,0.9024545479466349
8055,7734,0.9436356757291091
8055,6883,0.9452916501356415
8174,4855,0.9333247160548775
8174,7636,0.9681566775632219
8174,2749,0.9601520077168051
8174,1311,0.9014353195572329
8174,1062,0.9196994655825327
8174,4133,0.9264262060722485
8174,40,0.9679856653875536
8174,2698,0.9411100796591568
8174,3525,0.9507164064221328
8400,1534,0.9070843252551047
8400,2095,0.9417067029700108
8400,6583,0.9139135290845078
8400,1394,0.9490362314564167
8400,5126,0.9168706746994076
8400,8050,0.9453359220232139
8400,3113,0.92620249813881
8400,6632,0.9879415992613657
8400,143,0.9744858485984829
8593,4880,0.9381835195435881
8593,2193,0.9808113778178096
8593,3063,0.9802868503342718
8593,4262,0.9278287227675057
8593,5629,0.9641640706652924
8593,8093,0.960598599105084
8593,7571,0.9040963608705276
8593,4288,0.9541522002204799
8593,4443,0.9689820261636292
8593,4970,0.9457092133695505
8966,8503,0.9274430528976887
8966,3913,0.9202362137602896
8966,5698,0.9197760072656564
9382,8812,0.9625716217834023
9382,5549,0.9146418856101332
9382,4267,0.9674237815362955
9382,7777,0.9370190702998437
9654,8996,0.9477551678882462
9654,2095,0.9243186943795867
9654,1394,0.9413357752159262
9654,5126,0.9265193079261158
9654,8050,0.9220240042291368
9654,6632,0.9672367096986111
9654,143,0.9540421207709765
9654,8400,0.9650297319283754
9907,1790,0.960549807396409
9907,2314,0.9285912590861846
9907,323,0.920529186439778
9907,494,0.9193986018461215
9907,1409,0.9500169808618205
9907,3498,0.9547723607460391
9907,6291,0.9433955001803791
10199,5504,0.9567656215233145
10199,4289,0.9764699004568103
10199,4858,0.9714014426064724
10199,6087,0.9040363280143349
10199,8117,0.9038016403455099
10199,586,0.9429573282068872
10199,4249,0.934136599836885
10199,8562,0.9683039121596752
10199,5110,0.923478222870654
10564,5192,0.9020277934862063
10564,5132,0.9211192863052837
10564,8330,0.913850397078034
10564,1867,0.9070858273478982
10564,2519,0.9314768801473744
10847,4912,0.9478682737360555
10847,4526,0.9432408648253584
11016,4855,0.9457779117664836
11016,7636,0.9894747561725108
11016,2749,0.9697283369616512
11016,1311,0.9128914044499544
11016,1062,0.925285385627392
11016,4133,0.9325713546890727
11016,9829,0.9639972415855583
11016,11013,0.9651320808727468
11016,40,0.9825101155434699
11016,10156,0.9451192102232473
11016,2698,0.9389651467265008
11016,3525,0.965101696188973
11016,8174,0.9821573302528194
11414,4591,0.9850815149959008
11414,5840,0.9639401098884356
11414,6121,0.9455897694750592
11414,10711,0.9459665284891261
11414,168,0.9463016287681283
11414,1560,0.918288638757314
11414,2633,0.9668716225786967
11414,6860,0.9032329024079125
11482,4895,0.9174873925279564
11482,4119,0.9110554464833838
11722,423,0.9498252969689277
11722,6410,0.9728582147100039
11722,1422,0.9182960117366087
11722,4516,0.9094634828103341
11722,2282,0.903752159078623
11722,6014,0.965261630850481
11722,6126,0.9616366461721186
11722,6154,0.9573143327605969
11722,9220,0.9391188938532933
11722,5869,0.9747067598233943
11722,7445,0.9825709110193218
11818,10732,0.9002384861966299
11982,2741,0.9175457138282178
12090,4205,0.9477119414591043
12090,3530,0.9393139379118506
12090,8446,0.9207894051717482
12090,9634,0.9204610980764657
12484,268,0.9306687504798274
12484,6495,0.9348933452113629
12484,8607,0.9061503641184678
12484,5198,0.9144812351225545
12484,9369,0.9254762342486144
12484,11845,0.9080471246334464
12484,3117,0.9018775317909222
13213,9675,0.9092353370746161
13213,2896,0.901901527005951
13213,1159,0.9077452207559373
13213,5338,0.9260833721738405
13934,3652,0.9265324425338571
13934,7582,0.9513593968324694
13934,8764,0.9897920778228377
13934,9035,0.949086753070035
13934,9943,0.9940489736192164
14102,1438,0.9561517416632025
14102,7110,0.953780226472699
14102,170,0.9425024673588769
14102,735,0.9193971723166133
14140,12483,0.9224937044413568
14140,6401,0.9111465651915958
14140,6326,0.9257109633525038
14140,13558,0.9284891175351246
14140,4655,0.9282479125119075
14140,6195,0.9101380853108586
14140,9819,0.9292517473105267
14140,13931,0.9017798586253535
14140,4102,0.9093261382913689
14281,9685,0.932707932326503
14281,12700,0.9382187304607507
14281,7572,0.9052239825205384
14281,3001,0.9152124285502673
14281,6628,0.92023197355088
14281,8423,0.9452349626617983
14281,3541,0.9164407879210172
14656,4984,0.9151148044434502
14656,5557,0.9502317548609682
14656,7260,0.9211801745873277
14656,7911,0.9148085087249164
14656,1008,0.9429432585681158
14656,13390,0.9500468941054954
14656,4918,0.9270919638768499
14656,5332,0.9131661153026891
14656,6612,0.9202791749523617
14656,13755,0.9355027343341794
14656,2948,0.9596551400094324
14779,9100,0.912244275431393
14779,669,0.9131774630790496
14779,4873,0.9129294850394417
14779,5680,0.9278763921178217
14779,14277,0.9199559615667746
14779,5044,0.9098080395268706
14870,8193,0.9143980128158046
15076,10862,0.9025670800036043
15223,10413,0.9119211838635441
15223,5688,0.918443480549146
15223,6555,0.9158724437665116
15223,8617,0.9106641568564362
15223,13155,0.9056799205137713
15605,1438,0.9650537320830707
15605,3672,0.9082979399413831
15605,7110,0.9382686274908567
15605,170,0.9415905377070805
15605,735,0.914854859269634
15605,14102,0.9421974007601414
15823,11568,0.958071819651663
15823,13417,0.900442132079926
15823,8330,0.935019659760509
15823,1867,0.9002819020585198
15823,2519,0.9578349226238012
15977,3652,0.9083649260681176
15977,15578,0.9494546492321163
15977,14117,0.9010228136275722
15977,7582,0.9562567296118133
15977,8764,0.9701705997085629
15977,9035,0.9275633815218217
15977,9943,0.9737097923373141
15977,13934,0.9749664831787126
16146,13358,0.9384862368188023
16146,14072,0.9174566119267938
16146,4912,0.9934626704606369
16146,14260,0.9341315043125021
16146,15757,0.9045392429265746
16146,6850,0.9035925001072533
16146,4526,0.9845518549041078
16146,647,0.9331465606656116
16146,2321,0.9026606008770153
16146,7079,0.9041280480775014
16146,10847,0.9419169576549604
16502,15676,0.9024534389073072
16502,11435,0.9294632753698899
16502,16369,0.9375452193020102
16502,5610,0.977511660597516
16502,7456,0.9778487559866557
16502,9777,0.9386546095965862
16502,7524,0.949608929556412
16502,15667,0.9376619217616297
16502,142,0.9150174062235858
16502,798,0.9690001029667695
16502,5009,0.9091810492388759
16502,9719,0.9534251127336133
16502,649,0.935459830376332
16502,2767,0.950452383613148
16502,3416,0.9836342083027986
16502,7673,0.9054346550889925
16760,9100,0.9082441608613688
16760,669,0.9134755147261029
16760,4873,0.918377776726223
16760,5680,0.9213240705925008
16760,14277,0.9099099445443715
16856,2128,0.9932636838345108
16856,10660,0.9010739951157039
16856,15821,0.9412927404878251
16856,14982,0.907652571782552
16856,5018,0.9680051879669299
16856,811,0.9121467040992748
16856,6091,0.9354117716023458
16856,3872,0.9783085423486056
16856,8402,0.956085203987815
16856,13325,0.951892258720428
16856,206,0.9277815160478886
16856,1084,0.9802211167131096
16856,3563,0.9542820389679737
16856,4021,0.9352643180955841
16856,6419,0.9393828493779335
16856,13050,0.9556321180616936
16897,15569,0.9251011675254869
16897,5757,0.9566072111277746
16897,12678,0.9064659814281899
16897,1829,0.9522201108431613
17101,7734,0.9013531750444995
17101,6883,0.9143231838661021
17195,16294,0.9082306505507045
17195,10727,0.9322751974873114
17195,11156,0.9345430639271812
17195,14545,0.9158573755192653
17195,11673,0.9150448226092461
17195,14939,0.9426453116739187
17195,16334,0.9243819270805459
17195,3016,0.9011309716231917
17195,9747,0.9153460844037474
17195,5698,0.9112697177805286
17195,8966,0.9141565935453616
17273,4909,0.9399618008900477
17273,9705,0.9428774778726314
17273,345,0.9101391702489895
17273,7973,0.9252377911874513
17273,9488,0.9361092011092782
17273,10436,0.9388589410117405
17273,15359,0.9516123957577385
17273,4548,0.9001279598981854
17273,7770,0.9426249307664335
17273,8645,0.9026302673291123
17273,14365,0.912921657060274
17273,16677,0.9669980856931157
17273,4996,0.9106956688037245
17273,12109,0.9443567041374584
17273,13669,0.909663437583885
17273,15000,0.9341920280059101
17273,1858,0.9366555446681061
17273,6462,0.9652415614255115
17432,17345,0.9388627741240277
17668,4880,0.9267821244438357
17668,2193,0.9649630057929538
17668,3063,0.9648787164765276
17668,4262,0.9539155335196852
17668,9101,0.918359224849655
17668,9523,0.9481325525496429
17668,5629,0.9596614765119846
17668,8093,0.9391756023861155
17668,17345,0.9523161907496546
17668,4288,0.9402601526081441
17668,4443,0.9568700289103631
17668,4970,0.9314850906326746
17668,8593,0.9539054037661095
17677,7356,0.9775948111319203
17677,9429,0.9709619257715015
17677,14748,0.9023175841814148
17677,1319,0.9155342523748866
17677,5347,0.9089207984558306
17677,10849,0.9513169282053904
17945,3489,0.909822695161962
17945,6846,0.9066651323730288
17945,4651,0.9011086168723277
18015,1627,0.9381019237583395
18204,6313,0.9852391298782911
18204,8098,0.9644488587885972
18204,10903,0.9436220388100163
18204,18039,0.9442446763210217
18204,14183,0.9644378719478109
18204,9917,0.9359158062276279
18204,12047,0.9581415139968426
18204,10875,0.9523154907397823
18204,15393,0.9386356188928285
18288,3670,0.9359467536663396
18288,6775,0.9253394127538337
18288,15496,0.9289300432453809
18288,4136,0.9656482015935786
18288,2044,0.9353974033354707
18288,16680,0.9297054548404617
18288,359,0.9357520721894433
18288,10550,0.9392812963367156
18288,240,0.976358766772672
18288,1558,0.939678145845302
18288,2631,0.9498990778748598
18488,9675,0.9572778594249732
18488,11938,0.9455040726690331
18488,18260,0.9303374958866811
18488,13269,0.9362982302043522
18488,14763,0.9153973324033595
18488,10541,0.9309694846772819
18488,2896,0.9457722375668539
18488,1159,0.9514706031439376
18488,5338,0.9389130042464934
18488,13213,0.9190456525687564
18718,16400,0.9672143622371823
18718,13402,0.9253204242705088
18718,7781,0.9502217620346494
18718,5353,0.9628591871658073
18718,14861,0.9220585387221801
18718,17673,0.9784932171516051
18718,15697,0.9649650720709955
18718,5441,0.942828561049539
18900,8996,0.9343372877345296
18900,17449,0.9062773172193277
18900,2095,0.9183646430649283
18900,1394,0.937616507762137
18900,8050,0.9155317097253223
18900,9507,0.9099671609328505
18900,6632,0.9613739657570917
18900,143,0.9459650104749326
18900,8400,0.9565778783669295
18900,9654,0.9246730473363229
19302,423,0.9125445212373562
19302,12605,0.9432774962942112
19302,6410,0.9535096939507381
19302,19169,0.9424655719608207
19302,18938,0.941461585744629
19302,1422,0.9159695321524752
19302,14607,0.9292974143860813
19302,4516,0.9085597031067436
19302,17361,0.920054145193999
19302,6014,0.9517390333866758
19302,6126,0.9145886272017403
19302,6154,0.9424460420368637
19302,9220,0.9193627985148769
19302,5869,0.9644717067212317
19302,7445,0.9617522510113179
19302,11722,0.9535048641817294
19317,3300,0.9917551114506873
19317,5866,0.9793437312827388
19317,11291,0.9379987341400489
19317,18214,0.9885839072729735
19317,15733,0.9624999794749661
19317,53,0.9225471263079433
19317,3957,0.9923091136085324
19317,5808,0.914826963119941
19317,13619,0.942066540786822
19317,18685,0.9727880537770347
19317,1370,0.9665545442973451
19317,2938,0.9368244548597727
19317,5333,0.9429079069516644
19317,13540,0.9176733857040567
19317,17689,0.9264732197195644
19317,3937,0.9648972215630883
19317,1521,0.9196844666680642
19317,7945,0.9016575656268968
19331,7356,0.9708035955553239
19331,9429,0.9666274908037087
19331,14748,0.9096233095864745
19331,1319,0.916495095688192
19331,19298,0.944435791033662
19331,5347,0.9157923060623802
19331,18867,0.9382820345052187
19331,10849,0.9415603517096617
19331,17677,0.9522270472188216
19371,3489,0.9422783177699727
19371,16474,0.9092981598969417
19371,16224,0.9319219161891926
19371,6243,0.9307751040733906
19371,412,0.933977170837219
19371,8651,0.9250496409084439
19371,18533,0.9401171203711676
19371,4651,0.9464096303795332
19865,8681,0.9073393655960698
19865,19660,0.9297345953787449
19865,1774,0.9383811291188192
19865,2205,0.9450411245096698
19865,8838,0.9290373678286826
19865,9862,0.9137421296452783
19865,891,0.9184477618419307
19927,425,0.943551536553491
19927,13993,0.9073431210468892
19927,6265,0.9159067931399063
19927,8954,0.9211257314766236
19927,9230,0.9121390246902048
19927,3798,0.9265744715150377
19927,13487,0.920246221914971
20247,9100,0.9424267168166981
20247,14991,0.9148407203042389
20247,669,0.9309999009548178
20247,3627,0.9169370757362831
20247,4873,0.9416985237463675
20247,5680,0.9443037834592579
20247,14277,0.9334699259024374
20247,5044,0.916796597762188
20247,14779,0.910322262509177
20247,16760,0.9002212158184996
20526,7356,0.9494619844810385
20526,9429,0.9362310604244716
20526,19982,0.9476323489303962
20526,19298,0.9217169717465372
20526,18867,0.9231751220431218
20526,10849,0.9087971114722201
20526,20081,0.9200246751990171
20526,20260,0.9117599298808082
20526,17677,0.9321269389478638
20526,19331,0.9242777230688898
20691,15676,0.9212106065803941
20691,11435,0.9301116628054286
20691,16369,0.9459825107718229
20691,5610,0.9905521868656706
20691,7456,0.9916246993404076
20691,9777,0.9541314109153957
20691,7524,0.9674942565618475
20691,15667,0.9484707042603086
20691,142,0.9301049988474902
20691,798,0.9634583343847951
20691,5009,0.9197360355664556
20691,9719,0.9662345077033733
20691,18978,0.9657737400979045
20691,649,0.9493900595301378
20691,2767,0.9596235832089938
20691,3416,0.9915778701840191
20691,7673,0.9037575423672687
20691,16502,0.9724107457279294
20803,8786,0.9268448052983961
21069,9685,0.9377598189221328
21069,12700,0.9592505990260799
21069,13460,0.9060185717127156
21069,19581,0.9058810981277824
21069,7572,0.9386193643786489
21069,3001,0.9379622528184131
21069,17737,0.9338089091292197
21069,6628,0.9393699894547408
21069,18335,0.9035207299506482
21069,8423,0.9653004379769229
21069,20820,0.9566313694178356
21069,3541,0.9437179653988188
21069,14281,0.916391117529278
21121,18958,0.9052087389261463
21121,5757,0.9104820460935799
21121,17471,0.905142628998214
21121,1829,0.9103871284563526
21215,6628,0.934701546310332
21215,8423,0.928774907239778
21215,20820,0.908653914613552
21330,8812,0.9403564692485807
21330,20436,0.9180917918749552
21330,13671,0.9239666967897451
21330,15706,0.9473578900683994
21330,15976,0.932695443021143
21330,16799,0.9389275323207319
21330,4267,0.9436026525256198
21330,7777,0.9156538574496068
21330,9382,0.9212707704851397
21532,20055,0.9447227891112475
21532,7260,0.9067707188862255
21532,19484,0.9046595044666939
21532,2948,0.9097909702814833
21532,14656,0.9264460720835971
